   -0.1441635390E-01    0.2645296234E+00    0.6981780290E-01    0.4396632779E-01   -0.7145789085E-01    0.2811154872E+01    0.6981780290E-01   -0.4872511329E+00    0.1056668264E-01   -0.1926879309E+01    0.2610021094E+00    0.4126230722E-02    0.8512696558E-01   -0.6877766618E-01    0.1669054852E-01   -0.1957505638E+00   -0.5231410850E-01    0.5670900871E+00   -0.6050427522E+00   -0.4339881716E+00    0.1821250193E-01
    0.2966270400E-02    0.4554478818E+00    0.1745189025E-01    0.7896559146E+00    0.1082708175E+00    0.4905428300E+00    0.1745189025E-01    0.6590326640E-01    0.2116221311E+00    0.4497660837E+00    0.4858594652E+00    0.2029001117E-02    0.3091253015E-01    0.1907950558E+00    0.8293828819E-02    0.1724809984E+00    0.4763473877E-01    0.7822550796E-01    0.1430019680E+01    0.1430019680E+01    0.6940855953E-02
   -0.1166192800E-02    0.2628141232E+00    0.3445205632E-01    0.2762118978E+00    0.0000000000E+00    0.1441586160E+01    0.3445205632E-01    0.3552763222E+00    0.7700182078E-01    0.1896401767E+01    0.2747051049E+00    0.5451273740E-03    0.0000000000E+00    0.0000000000E+00    0.1768214757E-01   -0.2484749030E+00    0.0000000000E+00    0.0000000000E+00    0.0000000000E+00    0.0000000000E+00    0.2033825928E-01
    0.1346161180E-01    0.2628465108E+00    0.3667710084E-01    0.2762118978E+00    0.0000000000E+00    0.2430149587E+00    0.8034591969E-02    0.7580036997E-01    0.7821424373E-01    0.7178272162E+00    0.9415877309E-01    0.5423442682E-03    0.0000000000E+00    0.0000000000E+00    0.1882412775E-01    0.0000000000E+00    0.0000000000E+00    0.0000000000E+00    0.0000000000E+00    0.0000000000E+00    0.2165178123E-01
   -0.5323631160E-01    0.4788258260E+00    0.2156189987E-01    0.3708788752E+00   -0.2382124269E-01    0.1369998657E+01    0.2156189987E-01   -0.1238745711E+00    0.1862513463E+00   -0.8453993823E+00    0.5458566478E+00    0.3565274252E-02    0.4292322996E-01   -0.4197784254E-01    0.1393890604E-01   -0.1221009687E+00   -0.1048037411E-01    0.5410801841E+00   -0.1796187679E+00   -0.3572137302E+00    0.1361388017E-01
    0.7030197850E-01    0.1087745525E+01    0.2401609127E-01    0.1219240555E+01    0.3385648491E-01    0.6854946578E+00    0.2401609127E-01    0.1369507436E+00    0.3821099847E+00    0.9346395557E+00    0.1195868865E+01    0.7045980178E-02    0.3561884732E-01    0.5966196688E-01    0.1280931252E-01    0.1632773172E+00    0.1489547093E-01    0.5951543395E-01    0.4979812604E+00    0.1155613316E+01    0.1083467493E-01
   -0.1082275500E-01    0.6890208862E-01    0.0000000000E+00    0.0000000000E+00   -0.4951107556E-02    0.2728336701E+00    0.0000000000E+00   -0.1570461082E-01    0.9311245330E-01   -0.4350164340E+00    0.4418117297E-01    0.7041385233E-03    0.5271767777E-01   -0.7433843792E-02    0.0000000000E+00   -0.2341696155E+00   -0.3153147165E-03    0.2194753805E-01   -0.9780128395E-01   -0.8370118930E-01    0.0000000000E+00
   -0.2322132300E-02    0.2320949232E+00    0.5197958895E-01    0.1291660224E+00   -0.4544108530E-01    0.1877187657E+01    0.5197958895E-01   -0.2218238770E-01    0.3664717932E-01   -0.6144503232E+00    0.8384438946E-01    0.1257006283E-02    0.7004164633E-01   -0.6822754828E-01    0.2416097807E-01   -0.2065959685E+00   -0.2893947014E-02    0.4283334027E+00   -0.1225445173E+01   -0.1219855520E+01    0.2533660448E-01
    0.2394616630E-01    0.2842338441E+00    0.0000000000E+00    0.6987882070E+00    0.0000000000E+00    0.4425307215E+00    0.0000000000E+00    0.0000000000E+00    0.1585716913E+00   -0.1561030048E-02    0.2776786061E+00    0.3461430515E-02    0.0000000000E+00    0.0000000000E+00    0.0000000000E+00   -0.4331455777E+00    0.0000000000E+00    0.0000000000E+00    0.0000000000E+00    0.0000000000E+00    0.0000000000E+00
    0.1623701510E-01    0.7215308526E+00    0.0000000000E+00    0.7273582029E+00    0.0000000000E+00    0.6534434871E+00    0.0000000000E+00    0.0000000000E+00    0.1886598311E+00    0.1433754984E-01    0.6146022235E+00    0.3490346463E-02    0.0000000000E+00    0.0000000000E+00    0.0000000000E+00   -0.2215997175E+00    0.0000000000E+00    0.0000000000E+00    0.0000000000E+00    0.0000000000E+00    0.0000000000E+00
   -0.5390815750E-01    0.2215161664E+00    0.1005362072E+00    0.1182094633E+00   -0.5219703806E-01    0.2007243480E+01    0.1005362072E+00    0.0000000000E+00    0.3431917019E-01   -0.5553825532E+00    0.9172886331E-01    0.1170615866E-02    0.7275773350E-01   -0.5331309315E-01    0.2509789669E-01   -0.2643916454E+00    0.0000000000E+00    0.3833566804E+00   -0.7820140638E+00   -0.7704295319E+00    0.2631911174E-01
   -0.2001852936E-01    0.1572920301E+00    0.5579948962E-01    0.2958086850E+00   -0.4096584214E+00    0.1486875953E+01    0.6227462518E-01   -0.7525277705E+00    0.3364599677E-01   -0.1796070301E+01    0.1257263128E+00    0.4725016634E-03    0.1118529777E+00   -0.1029429963E+01    0.3384410125E-01   -0.5747601264E+00   -0.7858903244E+00    0.4088870639E+00   -0.1287117013E+01   -0.1631180497E+01    0.3370219747E-01
   -0.4526074670E-02    0.1848406245E+00    0.5211545561E-01    0.3067715348E+00   -0.6085521457E+00    0.1414633878E+01    0.8835548329E-01   -0.9257869121E+00    0.2099434106E-02   -0.2138466032E+01    0.1138334025E+00    0.5799491218E-03    0.9455787154E-01   -0.1529229671E+01    0.3160962167E-01   -0.6106990467E+00   -0.1167448826E+01    0.4621964526E+00   -0.1494219855E+01   -0.2008372184E+01    0.3147708676E-01
    0.2650249772E-01    0.1536638914E+00    0.4618106408E-01    0.2961521619E+00   -0.2535421410E+00    0.1541255347E+01    0.4618106408E-01   -0.6539859282E+00    0.3626907477E-01   -0.1632719052E+01    0.1536638914E+00    0.4486993745E-03    0.1073879394E+00   -0.6371256228E+00    0.2801023126E-01   -0.4567432817E+00   -0.4863962389E+00    0.2778222972E+00   -0.1085716257E+01   -0.1335585204E+01    0.2789278812E-01
   -0.8497772741E-01    0.7220646555E-01    0.1304471851E+00    0.1815520494E+00   -0.7869366533E-01    0.2082776222E+01    0.1304471851E+00   -0.6229013836E+00    0.1811766503E-02   -0.1949082751E+01    0.8202293578E-01    0.3313525273E-03    0.2648717362E+00   -0.1853898565E+00    0.7912021722E-01   -0.8237402311E+00   -0.1509662366E+00    0.9530467267E+00   -0.9626936643E+00   -0.9907661076E+00    0.7878847675E-01
    0.2328895500E-01    0.7779847500E+00    0.4273021323E-03    0.1173313012E+01   -0.2183559192E-03    0.9791709105E+00    0.1083535321E-03   -0.6807652344E-01    0.9128497016E-01   -0.4430051511E+00    0.1619985888E+00    0.1103729144E-03    0.3467395886E-01    0.0000000000E+00    0.3264447005E-03    0.0000000000E+00   -0.4188948529E-03    0.1053059277E-01   -0.1065578246E-02   -0.1233185886E-01    0.3611972132E-03
   -0.6199144790E-01    0.2471850013E+00    0.1588258574E-01    0.3937622503E+00   -0.3487769998E-01    0.1026940374E+01    0.1588258574E-01   -0.3820471052E+00    0.9767327777E-01   -0.1475515172E+01    0.2305980668E+00    0.1524686412E-02    0.2068217793E-01   -0.8216635692E-01    0.7947962290E-02   -0.1638537649E+00   -0.6690951660E-01    0.2104843909E+00   -0.2395726496E+00   -0.2395726496E+00    0.8672709493E-02
   -0.1498033000E-02    0.8806222906E+00    0.2677387527E-02    0.5660652819E+00   -0.3900042180E-02    0.1244486413E+01    0.2582457027E-02   -0.2477100240E+00    0.1432712648E+00   -0.9566880466E+00    0.6705137620E+00    0.0000000000E+00    0.7284632801E-02   -0.9187883892E-02    0.1893993702E-02   -0.2560009129E+00   -0.7481856234E-02    0.5901964205E-02   -0.3810058621E-01   -0.8349464797E-01    0.1849829766E-02
    0.5959909920E-01    0.2983159878E+00    0.3168753555E-01    0.7303579253E+00    0.7016010303E-01    0.3496684333E+00    0.2056626079E-01    0.3349461762E+00    0.1880255970E+00    0.7956012264E+00    0.1887230546E+00    0.1244496194E-02    0.1163853960E-01    0.1763052058E+00    0.1359591741E-01    0.2558155302E+00    0.1345954172E+00    0.6001104958E-02    0.9559566957E-01    0.9559566957E-01    0.1367524507E-01
   -0.3585727560E-01    0.2936247407E+00    0.8961284676E-01    0.7303579253E+00    0.2151049151E-03    0.5257605442E+00    0.7904107112E-01    0.6561487061E-01    0.1869999565E+00    0.4269860474E+00    0.1806501790E+00    0.1240697073E-02    0.3334809811E-01    0.0000000000E+00    0.3844946734E-01    0.0000000000E+00    0.4126581139E-03    0.1813183967E-01    0.0000000000E+00    0.0000000000E+00    0.3867380719E-01
    0.5081059730E-02    0.8483724670E-01    0.8458193773E-01    0.2755774837E+00   -0.3216408951E+00    0.1366707504E+01    0.8458193773E-01   -0.5371732006E+00    0.7664492223E-01   -0.1240811063E+01    0.1035658747E+00    0.4867717255E-04    0.9486521599E-01   -0.8082508685E+00    0.4398614016E-01   -0.4624004003E+00   -0.6170371564E+00    0.5424597033E+00   -0.7610639046E+00   -0.7610639046E+00    0.4776495303E-01
   -0.4250520000E-01    0.9517638827E-02    0.9741117959E-01    0.2755774837E+00   -0.7581075545E+00    0.9207272882E+00    0.9741117959E-01   -0.7758924837E+00    0.4766001232E-01   -0.1842985696E+01    0.6206257660E-01    0.5367679020E-04    0.7339565362E-01   -0.1905047208E+01    0.5065788174E-01   -0.3995582018E+00   -0.1454356510E+01    0.3013683429E+00   -0.2358394273E+01   -0.2358394273E+01    0.5500985840E-01
   -0.4425963745E-01    0.4653060472E-01    0.6253598737E-01    0.1283710559E+00   -0.1216297421E+00    0.1735713192E+01    0.8192543410E-01   -0.1011928332E+01    0.4066111920E-01   -0.2337443247E+01    0.1062477911E+00    0.8084224362E-04    0.1250181954E+00   -0.3056431760E+00    0.4096283802E-01   -0.6251963602E+00   -0.2333349750E+00    0.2043679567E+00   -0.3436103207E+00   -0.4321359926E+00    0.4320664444E-01
    0.5355677010E-01    0.5887934784E+00    0.9742635533E-02    0.5240187042E+00   -0.1074323302E-01    0.1076242763E+01    0.9742635533E-02   -0.1778753105E-01    0.2086062121E+00   -0.6869773799E-01    0.4720447431E+00    0.3354417730E-02    0.9219161676E-02   -0.2530936155E-01    0.5686245174E-02   -0.1837120245E+00   -0.2060986041E-01    0.2435797008E-01   -0.8342507055E-01   -0.1349851849E+00    0.5737937958E-02
    0.1191382379E-01    0.5437368285E+00    0.7112174483E-01    0.6816900084E+00   -0.1705006224E-01    0.1264987338E+01    0.7112174483E-01   -0.1347482003E+00    0.1430813756E-01   -0.3216057268E+00    0.5371928807E+00    0.3603306710E-02    0.1026874312E+00   -0.4284507295E-01    0.3843653768E-01   -0.2496307324E+00   -0.3270890636E-01    0.2365300436E-01   -0.3504360193E-01   -0.3237637535E-01    0.4118914032E-01
    0.3223240060E-01    0.5449420836E+00    0.9006903583E-01    0.6793311446E+00   -0.2374774248E-01    0.1205446502E+01    0.9006903583E-01   -0.4845027286E-03    0.1250527649E-01   -0.1119148061E-02    0.5161873976E+00    0.3754878905E-02    0.1158680527E+00   -0.5967566245E-01    0.4867627892E-01   -0.2728039182E+00   -0.4555776244E-01    0.3002997618E-01   -0.3600466325E-01   -0.3281246434E-01    0.5216219265E-01
   -0.3963508390E-01    0.3646971791E-01    0.1517552439E+00    0.3108701248E+00   -0.5393381437E+00    0.5942080927E+00    0.2412378179E-01    0.2768146126E-01    0.3733282305E-01    0.6575207031E-01    0.6505588398E-01    0.2193756375E-02    0.1403378176E+00   -0.1355301921E+01    0.6511240858E-01   -0.3499414598E+00   -0.1034668413E+01    0.1163180624E+01   -0.6935998611E+00   -0.5375903156E+00    0.8427065405E-01
   -0.2874029870E-01    0.1939131740E+00    0.3654473698E-01    0.3814815948E+00   -0.1254728183E+00    0.1093927083E+01    0.3654473698E-01    0.4847906656E-01    0.8088620999E-01    0.1872324048E+00    0.2439050527E+00    0.2027839461E-02    0.1085711159E+00   -0.2955941585E+00    0.2216550343E-01   -0.2039379845E+00   -0.2407075474E+00    0.4203332337E+00   -0.1134906231E+01   -0.1134906231E+01    0.1945852116E-01
   -0.7550334800E-01    0.1551726178E+00    0.3048283054E-01    0.2687671138E+00   -0.1819263649E-01    0.1417267963E+01    0.3048283054E-01   -0.2460396802E+00    0.6418569020E-01   -0.9502369633E+00    0.1756763356E+00    0.6014958320E-03    0.5792107434E-01   -0.4285898051E-01    0.1711988263E-01   -0.2298417030E+00   -0.3490082529E-01    0.2290228283E+00   -0.1507643753E+00   -0.1507643753E+00    0.1795290297E-01
   -0.1446109700E-02    0.2193694513E+00    0.4321813152E-01    0.3316701078E+00   -0.3946322654E-01    0.1561284413E+01    0.4321813152E-01   -0.2219238740E+00    0.6846159365E-01   -0.6839495918E+00    0.2791204444E+00    0.1093257279E-02    0.1077058767E+00   -0.9296913384E-01    0.2427233056E-01   -0.5344573788E+00   -0.7570640876E-01    0.9072917287E+00   -0.3378995169E+00   -0.4425458892E+00    0.2545337516E-01
    0.3306794489E-01    0.7774485773E+00    0.3836098870E-01    0.5620393855E+00    0.2206356183E+00    0.3785888150E+00    0.3836098870E-01    0.5538575974E+00    0.2605510938E+00    0.1321900959E+01    0.7931710466E+00    0.1213657802E-01    0.3429211632E-01    0.5544348770E+00    0.1411221908E-01    0.9285714284E-01    0.4232682367E+00    0.5668652294E-01    0.7841383218E+00    0.5600532241E+00    0.1411221908E-01
   -0.3693094470E-01    0.3257030354E+00    0.2859438396E-01    0.5574582485E+00   -0.2821704530E+00    0.7299967447E+00    0.2859438396E-01    0.1416082791E+00    0.1365783931E+00    0.5469094296E+00    0.3788687982E+00    0.3060323053E-02    0.7526266958E-01   -0.6647490567E+00    0.1734337057E-01   -0.8251978839E-01   -0.5413169052E+00    0.2592109005E+00   -0.1387777172E+01   -0.1387777172E+01    0.1388100360E-01
   -0.3558695080E-01    0.2107690470E+00    0.4889340469E-01    0.2563623671E-01   -0.8090436227E-02    0.2177153556E+01    0.4889340469E-01   -0.4591585957E+00    0.4330090161E-01   -0.2118797690E+01    0.2472928269E+00    0.0000000000E+00    0.1033516802E+00   -0.7584783963E-02    0.1785647177E-01   -0.6272049226E+00   -0.3923047097E-02    0.1672868681E+00   -0.1337435319E+00   -0.1079596097E+00    0.1873744131E-01
   -0.6767003000E-02    0.2806780924E+00    0.5901103840E-01    0.3817414655E+00   -0.4817593623E-01    0.2521239569E+00    0.5901103840E-01   -0.4444783448E+00    0.1943729322E+00   -0.2051055342E+01    0.4980672558E+00    0.1564110046E-03    0.4198778148E-01   -0.4516494022E-01    0.1524564921E-01   -0.1609667082E+00   -0.2336047915E-01    0.3418942261E+00   -0.2359049330E+00   -0.3838926180E+00    0.1643277809E-01
    0.2475404484E-01    0.6722740706E+00    0.2675257765E-01    0.3107836116E+00   -0.7836737460E-01    0.5108621360E+00    0.2675257765E-01   -0.3349814699E+00    0.2496589737E+00   -0.7732146652E+00    0.5903910398E+00    0.3950378560E-02    0.1564139256E-01   -0.1768070468E+00    0.1117243916E-01   -0.1372140364E+00   -0.1435815615E+00    0.3753739937E-01   -0.2255076506E+00   -0.1577753984E+00    0.1123762663E-01
    0.2424520480E-01    0.4644400495E+00    0.6510127752E-01    0.7822407264E+00   -0.8094301513E-01    0.1082918440E+01    0.6510127752E-01    0.1649361359E+00    0.1711157511E+00    0.3788295260E+00    0.4777163398E+00    0.3756974894E-02    0.5152857020E-01   -0.1826180287E+00    0.3424472474E-01   -0.1703396097E+00   -0.1483005468E+00    0.4145116031E-01   -0.3838338278E-01   -0.3838338278E-01    0.3669713397E-01
    0.4833484530E-01    0.4621206104E+00    0.5112426410E-01    0.7822407264E+00    0.1199473406E-02    0.3245497600E+00    0.1178981396E-01    0.2849830388E-01    0.1819899976E+00    0.1832148361E+00    0.2509773180E+00    0.3736847753E-02    0.4106653046E-01    0.0000000000E+00    0.2689250378E-01    0.0000000000E+00    0.2197627079E-02    0.3481353741E-01    0.0000000000E+00    0.0000000000E+00    0.2881838944E-01
    0.1009410690E+00    0.1044716716E+01    0.3111052408E-01    0.1201866635E+01    0.5648356155E-01    0.4850936044E+00    0.3111052408E-01    0.3889161111E+00    0.3363805751E+00    0.1471520019E+01    0.1160221085E+01    0.1021548368E-01    0.5762139793E-01    0.1194696584E+00    0.1700650730E-01    0.1830027160E+00    0.1034869167E+00    0.1114850746E+00    0.6806316607E+00    0.1546686259E+01    0.1445475363E-01
    0.1077771859E+00    0.5169784926E+00    0.1113382093E-02    0.9907892548E+00    0.1899333249E+01    0.2548035601E+00    0.7549764970E-02    0.8494543678E+00    0.2907770859E+00    0.3214032722E+01    0.5710085270E+00    0.7829396231E-02    0.2059149413E-02    0.4017322709E+01    0.6086281493E-03    0.2452076117E-02    0.3479882222E+01    0.3540806077E-01    0.4839299566E+01    0.2117751759E+01    0.6382428165E-03
    0.7359186660E-01    0.3985741148E+00    0.2984341974E-01    0.6857484252E+00    0.1081691657E+00    0.5155809783E+00    0.2984341974E-01    0.2019492522E+00    0.1640525777E+00    0.7641040288E+00    0.4689446888E+00    0.2908791976E-02    0.6970648653E-01    0.2287910487E+00    0.1631384718E-01    0.2032351445E+00    0.1981832082E+00    0.1796999494E+00    0.1198667055E+01    0.1198667055E+01    0.1318422947E-01
   -0.7284116840E-01    0.2806095907E-01    0.1335371487E+00    0.1155214433E+00   -0.8825290922E+00    0.2416073842E+01    0.1335371487E+00   -0.1458299486E+01    0.1863081425E-01   -0.3349459475E+01    0.2853003174E-01    0.0000000000E+00    0.1801190763E+00   -0.1991101058E+01    0.7883465459E-01   -0.4147529083E+00   -0.1616934416E+01    0.1048722092E+01   -0.6220782226E+01   -0.6220782226E+01    0.8830511712E-01
    0.9580336000E-02    0.2887684329E+00    0.4509993919E-01    0.1302937879E+00   -0.2226059533E-01    0.2550158090E+00    0.4509993919E-01    0.2830220801E-01    0.3049376751E-01    0.1073759019E+00    0.1066122916E+00    0.2623168678E-02    0.5366213749E-01   -0.3170603142E-01    0.2234325969E-01   -0.9266527375E-01   -0.2723739612E-01    0.3809740854E-01   -0.2242833555E+00   -0.2101103883E+00    0.2336993479E-01
    0.5690035560E-01    0.3882537959E+00    0.0000000000E+00    0.1105254312E+01    0.0000000000E+00    0.1146508835E+00    0.0000000000E+00    0.0000000000E+00    0.5524158033E-01   -0.7793287042E+00    0.1921578868E+00    0.3822352132E-03    0.0000000000E+00    0.0000000000E+00    0.0000000000E+00   -0.3038138758E+00    0.0000000000E+00    0.0000000000E+00    0.0000000000E+00    0.0000000000E+00    0.0000000000E+00
   -0.8488724000E-02    0.3015287172E+00    0.6988025276E-01    0.3029305549E+00   -0.1447674821E+00    0.2375742981E+01    0.6988025276E-01   -0.1697794876E+00    0.4953401696E-01   -0.6441273270E+00    0.3086134798E+00    0.1304505897E-02    0.9938892428E-01   -0.2061940513E+00    0.3084708586E-01   -0.8770974175E-01   -0.1771331448E+00    0.5804752974E+00   -0.2177412590E+01   -0.2297062320E+01    0.3112751200E-01
    0.7360761110E-01    0.6484233999E+00    0.3937124661E-01    0.7617418832E+00    0.6026291219E-01    0.1151962858E+01    0.3937124661E-01    0.3430755963E+00    0.1904221120E+00    0.1301596382E+01    0.5942404899E+00    0.1334899605E-01    0.3129315181E-01    0.8583318456E-01    0.1490130506E-01    0.6073635010E-01    0.7373589009E-01    0.5753093176E-01   -0.8480887066E+00   -0.8376169435E+00    0.1351554525E-01
   -0.2740194050E-01    0.2994761867E+00    0.2768086617E-01    0.1360922525E+00   -0.2118472982E-01    0.5912315624E+00    0.2768086617E-01   -0.1255854227E+00    0.4354123231E-01   -0.4461094120E+00    0.3067165156E+00    0.2982537413E-02    0.6139854070E-01   -0.3606282131E-01    0.1650092442E-01   -0.1734787455E+00   -0.3846700940E-01    0.1787074851E+00   -0.2873714492E+00   -0.2943674452E+00    0.1625215822E-01
    0.3324825300E-02    0.3806051072E+00    0.4521429849E-01    0.5471319959E+00   -0.3590120366E-01    0.2199620574E+01    0.4521429849E-01    0.3256831073E+00    0.1156475050E+00    0.1156904172E+01    0.4005733616E+00    0.1778709627E-02    0.7250221149E-01   -0.6111471346E-01    0.2139846364E-01   -0.3577415444E+00   -0.6518902769E-01    0.1817686900E+00   -0.4471452583E+00   -0.4245977184E+00    0.1818771572E-01
    0.6099535160E-01    0.2975819204E+00    0.4629468532E-01    0.2800174432E+00   -0.2229183165E-01    0.1551578667E+01    0.4629468532E-01    0.1669936690E+00    0.6509921457E-01    0.5932013913E+00    0.2828924507E+00    0.7548273822E-02    0.7412654498E-01   -0.3794744368E-01    0.2190977575E-01   -0.2595901097E+00   -0.4047727326E-01    0.5263403147E+00   -0.3315665069E+00   -0.3377222353E+00    0.2297586301E-01
    0.1003173600E-01    0.4120241974E+00    0.4447787592E-01    0.6191027947E+00   -0.7378813759E-01    0.2357669365E+01    0.4447787592E-01    0.3549694986E+00    0.1277035027E+00    0.1260936428E+01    0.4338989445E+00    0.1631423938E-02    0.8994305581E-01   -0.1256097408E+00    0.2104993868E-01   -0.3701813376E+00   -0.1339837235E+00    0.2990562295E+00   -0.8986973035E+00   -0.8450520419E+00    0.1701175810E-01
   -0.2863845640E-01    0.1021669250E+00    0.0000000000E+00    0.0000000000E+00   -0.6068370096E-02    0.2112393433E+01    0.0000000000E+00    0.0000000000E+00    0.1740808574E-02   -0.3974621210E+00    0.9955362378E-01    0.3658197060E-03    0.8283168151E-01   -0.7286268039E-02    0.0000000000E+00   -0.2389124766E+00    0.0000000000E+00    0.5235227686E-01   -0.8805527540E-01   -0.7254624087E-01    0.0000000000E+00
    0.6485421000E-02    0.4412707279E+00    0.9353462612E-01    0.3520497805E-01   -0.5297058785E-02    0.1151384728E+01    0.9353462612E-01    0.0000000000E+00    0.8646433392E-01   -0.9288829189E+00    0.5053277234E+00    0.3616798634E-02    0.1352039818E+00   -0.6360157591E-02    0.4304176504E-01   -0.6324295897E+00    0.0000000000E+00    0.4783253192E+00   -0.8947093561E-01   -0.8907172749E-01    0.4363002608E-01
    0.4038688500E-01    0.4619850371E+00    0.3771833012E-01    0.5600356558E+00   -0.2424776041E-01    0.1404109386E+01    0.3771833012E-01    0.0000000000E+00    0.1324770258E+00    0.5561216980E+00    0.4928829088E+00    0.1418732560E-02    0.3831795746E-01   -0.2911419028E-01    0.1377997125E-01   -0.3345944296E+00    0.0000000000E+00    0.8614951657E-01   -0.1971330851E+00   -0.1860543923E+00    0.1165570040E-01
    0.7195084800E-02    0.6652057009E+00    0.6492016717E-02    0.4962381291E+00   -0.1216662743E+00    0.6494955460E+00    0.6492016717E-02    0.6479794860E+00    0.9350307736E-01    0.2385229779E+01    0.4395094226E+00    0.5056358625E-02    0.9128825366E-02   -0.2173612092E+00    0.2863771339E-02   -0.6193960265E-01   -0.2053990487E+00    0.7642819363E-01   -0.1456797108E+01   -0.1466258343E+01    0.3124908747E-02
   -0.5996510730E-01    0.1341572925E+00    0.1477669938E+00    0.1015030383E+00   -0.8245582870E+00    0.2491627053E+01    0.1477669938E+00   -0.8810294914E+00    0.2363668589E-01   -0.1933162345E+01    0.8126933862E-01    0.4570878526E-03    0.1424357188E+00   -0.1571310153E+01    0.6773915593E-01   -0.4844220189E+00   -0.1392033156E+01    0.8532140771E+00   -0.4642477626E+01   -0.4131061840E+01    0.7355857071E-01
   -0.9390096970E-01    0.2764519904E+00    0.1828244765E+00    0.1537588564E+00   -0.1028811176E+01    0.3000755404E+01    0.1828244765E+00   -0.2766622818E+00    0.2307769096E-01   -0.6070547137E+00    0.2127974288E-01    0.6084670689E-03    0.2395919671E+00   -0.1960542356E+01    0.9774875102E-01   -0.1092797744E+01   -0.1736856315E+01    0.9592429538E+00   -0.4501980789E+01   -0.4605488274E+01    0.1058721627E+00
    0.8470968660E-01    0.9329454685E+00    0.9292775812E-02    0.1848330932E+01    0.1549010161E+01    0.7852587114E-01    0.9292775812E-02    0.5835772569E+00    0.2136650774E+00    0.1280490142E+01    0.7124544213E+00    0.7976330009E-02    0.6661405156E-02    0.2951853656E+01    0.4427019517E-02    0.1053815241E-01    0.2615064984E+01    0.2680089946E-02   -0.2026871315E+00   -0.2098269577E+00    0.4744057064E-02
   -0.1136555941E+00    0.1316546513E+00    0.1770641469E+00    0.2123436604E+00   -0.1276654365E+01    0.2854604871E+01    0.1770641469E+00   -0.2289836156E+01    0.3669456355E-01   -0.5024377818E+01    0.4031945016E-01    0.6676296098E-03    0.1906454749E+00   -0.2432841919E+01    0.9109695821E-01   -0.6222018108E+00   -0.2155269351E+01    0.2142220923E+01   -0.3603746890E+01   -0.3283159754E+01    0.9192510670E-01
    0.2210726620E-01    0.5035921119E+00    0.3845945993E-01    0.6536163679E+00   -0.1273562254E+00    0.1571322361E+01    0.3845945993E-01    0.2076114653E+00    0.1497975607E+00    0.7642233439E+00    0.4411922389E+00    0.7203500146E-02    0.6451214059E-01   -0.2275265132E+00    0.1904025638E-01   -0.9609109582E-01   -0.2150049198E+00    0.2185260753E+00   -0.1148469216E+01   -0.1190890145E+01    0.1618334737E-01
    0.4794678570E-01    0.5936920150E+00    0.2291172042E-01    0.4219463513E+00   -0.5208361981E-01    0.8092963205E+00    0.2291172042E-01    0.5484843597E+00    0.8962582922E-01    0.2018985564E+01    0.4154981339E+00    0.8573919521E-02    0.3837630327E-01   -0.9304927475E-01    0.1134298380E-01   -0.1058662853E+00   -0.8792844218E-01    0.3401629260E+00   -0.9400258850E+00   -0.1010205602E+01    0.1189491143E-01
   -0.8001147288E-01    0.5256863178E-01    0.1079585079E+00    0.3097334194E+00   -0.6551999698E+00    0.1452084845E+01    0.1079585079E+00   -0.7353294604E+00    0.5545665037E-02   -0.1726270551E+01    0.2224982179E-01    0.3990340659E-05    0.2106378962E+00   -0.1536842989E+01    0.6373411269E-01   -0.3849939781E+00   -0.1209361345E+01    0.1589370131E+01   -0.2288279357E+01   -0.2857224422E+01    0.6346688409E-01
   -0.4735344521E-01    0.3649952001E-01    0.9163669000E-01    0.3145780077E+00   -0.3738692456E+00    0.1494219882E+01    0.9163669000E-01   -0.8830341769E+00    0.3997035233E-01   -0.2170025435E+01    0.8482544895E-01    0.2183549116E-03    0.2074069373E+00   -0.8769510918E+00    0.5409840540E-01   -0.3318347518E+00   -0.6900839968E+00    0.8974667539E+00   -0.1723128431E+01   -0.2068446139E+01    0.5387157803E-01
   -0.4556564700E-02    0.2522513979E+00    0.2356574579E-01    0.3937622503E+00   -0.1554765540E+00    0.1048225996E+01    0.2356574579E-01   -0.2053193708E+00    0.1019148098E+00   -0.7849416455E+00    0.2497904541E+00    0.1348260987E-02    0.2986885410E-01   -0.3418942635E+00    0.1147831369E-01   -0.3937845224E-01   -0.2869770194E+00    0.2165331863E+00   -0.7214559215E+00   -0.7214559215E+00    0.1252498143E-01
    0.5865306900E-02    0.7410211748E+00    0.5786684235E-03    0.5406432288E+00   -0.6002482693E-02    0.1057883645E+01    0.5786684235E-03   -0.2591952531E+00    0.1472739197E+00   -0.9909106370E+00    0.5897231240E+00    0.0000000000E+00    0.1532457804E-02   -0.1319951045E-01    0.3984367516E-03   -0.1781965075E+00   -0.1107932063E-01    0.1441949234E-02   -0.6230049796E-01   -0.1145947557E+00    0.3891460474E-03
   -0.8692368000E-02    0.3023104452E+00    0.6111261870E-01    0.7303579253E+00    0.1898241699E-03    0.6219774223E+00    0.5336513987E-01    0.7319806677E-01    0.1884051650E+00    0.4734712497E+00    0.1509339222E+00    0.1593354576E-02    0.3103267619E-01    0.0000000000E+00    0.2552191505E-01    0.0000000000E+00    0.3503754945E-03    0.1532693238E-01    0.0000000000E+00    0.0000000000E+00    0.2567082694E-01
    0.6409497760E-01    0.9748646319E+00    0.5215379865E-02    0.7633002264E+00   -0.2261656697E-01    0.8806911009E+00    0.5215379865E-02   -0.1398600975E+00    0.3939255845E+00   -0.5346890294E+00    0.8286887198E+00    0.6027768414E-02    0.4803560141E-02   -0.4973402298E-01    0.2962766207E-02   -0.9349000484E-01   -0.4174542600E-01    0.1508244457E-01   -0.1744704553E+00   -0.3679207255E+00    0.2989700260E-02
   -0.1431903510E-01    0.4698445200E+00    0.7859172542E-01    0.7822407264E+00   -0.4807597495E-01    0.1067113489E+01    0.7859172542E-01    0.2094316181E+00    0.1470021925E+00    0.4892761302E+00    0.4709101305E+00    0.3992666624E-02    0.6220644808E-01   -0.1127674427E+00    0.4134100138E-01   -0.2758516377E+00   -0.8873813861E-01    0.4471814508E-01   -0.3015694134E-01   -0.3015694134E-01    0.4430160492E-01
   -0.3294527000E-02    0.5084489573E+00    0.4631696149E-01    0.9501374931E-02   -0.3474503846E+00    0.8131709839E+00    0.3218414004E-01   -0.2240485789E+00    0.1509631121E+00   -0.5259798290E+00    0.4861461552E+00    0.6876774137E-03    0.6890147630E-01   -0.8149827718E+00    0.1934293738E-01   -0.2495206959E+00   -0.6413203355E+00    0.1474434733E+00   -0.1020414480E+01   -0.7150686321E+00    0.2503427565E-01
   -0.2343845090E-02    0.4377498208E+00    0.6495653863E-01    0.1480467237E-02   -0.5556616094E+00    0.6914644379E+00    0.2828012445E-01   -0.1814254441E+00    0.1824011129E+00   -0.4119788868E+00    0.4437608103E+00    0.7618840137E-03    0.8760844706E-01   -0.1303364908E+01    0.2712721687E-01   -0.2306181828E+00   -0.1025634466E+01    0.2401735769E+00   -0.1234926746E+01   -0.8274866546E+00    0.3510895017E-01
    0.4770200140E-01    0.2013923460E+00    0.4158115334E-01    0.3814815948E+00    0.5759585575E+00    0.1151627792E+01    0.4158115334E-01    0.6708371892E-01    0.7392664889E-01    0.2564629169E+00    0.2657204694E+00    0.1830233909E-02    0.1202398162E+00    0.1266537763E+01    0.2454774491E-01    0.4759658867E-01    0.1063098364E+01    0.4278318549E+00    0.2651700344E+01    0.2651700344E+01    0.2154982923E-01
    0.1427330050E-01    0.1636414733E+00    0.3699147970E-01    0.2687671138E+00   -0.4806575320E-01    0.1537811548E+01    0.3699147970E-01   -0.1444771026E+00    0.6284984228E-01   -0.5523399678E+00    0.2003072184E+00    0.5422888405E-03    0.6841405496E-01   -0.1056969998E+00    0.2022132021E-01   -0.9319830355E-01   -0.8871927141E-01    0.2131905321E+00   -0.4081729123E+00   -0.4081729123E+00    0.2120525050E-01
    0.4070425790E-01    0.3315549136E+00    0.3363914020E-01    0.5574582485E+00    0.1484719375E+00    0.7261237201E+00    0.3363914020E-01    0.1545393622E+00    0.1297329055E+00    0.5908082653E+00    0.4005712621E+00    0.2756005529E-02    0.8617991720E-01    0.3264910523E+00    0.1985911804E-01    0.1680136442E+00    0.2740479705E+00    0.2747665551E+00    0.1522833940E+01    0.1522833940E+01    0.1589451646E-01
    0.4897008400E-01    0.1532233589E+00    0.5273313509E-01    0.4352203216E+00    0.0000000000E+00    0.1918089015E+00    0.5273313509E-01    0.8110015632E-01    0.1259857067E+00    0.5403365742E+00    0.4102616304E+00    0.4408362490E-02    0.4728805314E-01   -0.3370368896E+00    0.7707293468E-02   -0.4520810213E-01   -0.8746371185E-01    0.7690557929E-01   -0.4604405266E+00   -0.4604405266E+00    0.1086353833E-01
   -0.1207065730E-01    0.1991094294E+00    0.3594300525E-01    0.4074849239E-01   -0.7135498847E-02    0.1736638147E+01    0.3594300525E-01   -0.3590678817E+00    0.5846484456E-01   -0.2098772051E+01    0.2111261936E+00    0.0000000000E+00    0.1109198540E+00   -0.9309127698E-02    0.1916405459E-01   -0.5110268107E+00   -0.3015574252E-02    0.2528903364E+00   -0.2075509314E+00   -0.1634593154E+00    0.2010953523E-01
    0.4163402650E-01    0.7768042402E+00    0.0000000000E+00    0.1003925103E+01    0.0000000000E+00    0.1952459593E+00    0.0000000000E+00    0.0000000000E+00    0.3073117186E+00   -0.9982941422E-02    0.6893186665E+00    0.8461599188E-02    0.0000000000E+00    0.0000000000E+00    0.0000000000E+00   -0.3326104845E-01    0.0000000000E+00    0.0000000000E+00    0.0000000000E+00    0.0000000000E+00    0.0000000000E+00
   -0.5859371600E-01    0.3992810433E-01    0.1381571146E+00    0.1408105186E+00   -0.5524991792E-01    0.3482129402E+01    0.1381571146E+00   -0.4152103832E-01    0.2076145919E-01   -0.4315839585E+00    0.9641152568E-01    0.1296120449E-03    0.8154428876E-01   -0.6215615766E-01    0.3655689154E-01   -0.3187945870E+00   -0.8454349855E-02    0.2885258073E+00   -0.9036438934E+00   -0.6718394101E+00    0.3969746382E-01
   -0.2762566490E-01    0.7705851388E-01    0.1345857550E+00    0.4102693411E+00   -0.1502854182E+00    0.4832513571E+00    0.1345857550E+00    0.4337735537E-01    0.1108552364E+00    0.4508791565E+00    0.4113262961E+00    0.0000000000E+00    0.6702775477E-01   -0.1690710954E+00    0.2938170076E-01   -0.9420453253E-01   -0.2299669486E-01    0.8572793454E-01   -0.4662436728E+00   -0.4800527138E+00    0.3802677852E-01
   -0.1038903504E+00    0.2620028682E+00    0.8854879970E-01    0.2745140206E+00    0.0000000000E+00    0.3964898074E+01    0.8854879970E-01   -0.3571296126E-01    0.3245887493E-01   -0.2020069895E+00    0.2947896355E+00    0.1881146817E-02    0.1086952054E+00   -0.4986177983E-01    0.2446747104E-01   -0.3627072089E+00   -0.1713371226E-01    0.5010159066E+00   -0.4214382923E+00   -0.4260140208E+00    0.2468990107E-01
    0.3812754220E-01    0.2630272333E+00    0.2369462348E-01    0.3165479340E+00    0.0000000000E+00    0.9368355766E+00    0.2369462348E-01   -0.3875725198E+00    0.6827358962E-01   -0.2192267322E+01    0.3059275944E+00    0.4619683552E-03    0.1061505054E-01   -0.4310439559E-01    0.6547209175E-02   -0.1078691392E+00   -0.1481171177E-01    0.5254399326E-01   -0.1175861884E+00   -0.1175861884E+00    0.6606728851E-02
   -0.2916281840E-01    0.3670547036E+00    0.7374694806E-01    0.4496553931E+00   -0.2425010144E+00    0.2273566713E+01    0.7374694806E-01    0.1120860620E-01    0.7828406847E-01    0.5117571977E-01    0.4162816712E+00    0.1451897431E-02    0.8433431650E-01   -0.3361453793E+00    0.3036383387E-01   -0.4320586431E-01   -0.1780743307E+00    0.2865978352E+00   -0.9506881898E+00   -0.9121299769E+00    0.2621137302E-01
   -0.2352065860E-01    0.4173388970E+00    0.0000000000E+00    0.6304656339E+00    0.0000000000E+00    0.1341465428E+01    0.0000000000E+00    0.0000000000E+00    0.1401368747E+00    0.5042849433E+00    0.6277771145E+00    0.2304732339E-02    0.0000000000E+00    0.0000000000E+00    0.0000000000E+00   -0.2111364582E+00    0.0000000000E+00    0.0000000000E+00    0.0000000000E+00    0.0000000000E+00    0.0000000000E+00
