    0.3059201730E-01
   -0.4589765100E-02
   -0.5107964300E-02
   -0.5435096180E-01
   -0.1278181719E+00
    0.4701808870E-01
    0.5211423520E-01
    0.2567417980E-01
    0.6102327200E-01
    0.6702350040E-01
   -0.1513346640E-01
   -0.3186041780E-01
   -0.3398145870E-02
   -0.4931126219E-02
   -0.1609898205E+00
   -0.1246248600E-01
   -0.1737769020E-01
   -0.2707716990E-01
    0.1624527778E+00
   -0.4887380210E-01
    0.3214239777E-01
    0.1401356000E-01
   -0.7130669605E-01
    0.6702028510E-01
    0.4284326586E-01
    0.7503375429E-01
    0.1945397125E-01
    0.1577479360E-01
   -0.3878397070E-01
   -0.1184325700E-01
    0.7303543701E-01
    0.2111050220E-01
    0.5787730120E-01
   -0.6868326320E-01
   -0.1353567301E-01
    0.5583014230E-01
    0.2299496490E-01
    0.8316643680E-01
    0.5187258190E-01
    0.7126365250E-01
   -0.9973075240E-01
    0.1867551920E-01
    0.1348881296E+00
   -0.5196428920E-01
    0.1499545650E-01
    0.1849722800E-02
    0.1381062490E-01
    0.9544635500E-01
    0.1654650690E-01
    0.4831931200E-01
    0.1050417653E+00
    0.5492073280E-01
    0.2923516780E-01
   -0.1014991775E+00
   -0.1224502793E+00
    0.6196359500E-02
   -0.1877760079E+00
   -0.8295852500E-02
    0.6762956080E-01
   -0.1207477084E+00
   -0.1085749067E+00
    0.4088587000E-03
   -0.7096912430E-01
   -0.6063945930E-01
    0.2356330690E-01
    0.4427135650E-01
   -0.4516719294E-01
   -0.2979961054E-01
    0.5234208090E-01
    0.1226484520E-01
    0.5876270850E-01
    0.4265282600E-01
    0.4830012090E-01
    0.4341397410E-01
   -0.5253662100E-02
   -0.5810816310E-01
   -0.1002799715E+00
   -0.5098748010E-01
   -0.8612731950E-01
   -0.5637160340E-01
