   -0.1647404400E-02
   -0.5223518790E-01
   -0.9860492000E-02
   -0.1731405800E-02
   -0.2455263100E-02
    0.1340914090E-01
   -0.3631433900E-01
    0.1620926970E-01
   -0.2463882620E-01
    0.1909106680E-01
   -0.3153804400E-01
   -0.1727552645E-01
    0.1070402473E-01
    0.3497485754E-01
   -0.2121442707E-01
   -0.1841854000E-02
   -0.2750294280E-01
   -0.1001055880E-01
   -0.8573844700E-02
   -0.2073609810E-01
   -0.1524847969E-01
   -0.1183794720E-01
   -0.2143538974E-01
    0.2844709660E-01
   -0.1056964533E-01
    0.2340335500E-01
    0.1393785940E-01
   -0.1822960750E-01
   -0.3140540030E-01
    0.9124450400E-02
    0.6049289740E-02
   -0.4130558090E-01
    0.1648526600E-02
   -0.5085566400E-02
    0.3916556630E-02
   -0.5922146700E-02
    0.2301740350E-01
    0.2786837600E-01
    0.1112104730E-01
    0.1265607350E-01
    0.9142203900E-02
    0.3304696670E-01
    0.5280528710E-01
    0.2606836000E-01
   -0.2521609500E-02
   -0.6159022000E-03
   -0.6025813000E-03
    0.5055209210E-01
   -0.2718006110E-01
   -0.9039837500E-02
    0.2935836870E-01
    0.2556415360E-01
   -0.1587354020E-01
    0.3214136250E-01
   -0.3472805510E-01
   -0.3253910600E-02
    0.1913079130E-01
    0.4872863400E-02
    0.3412162430E-01
   -0.3925842073E-01
   -0.6737143809E-02
    0.5181083500E-02
   -0.1104817090E-01
   -0.2148679910E-01
    0.2653938420E-01
   -0.2647775470E-01
    0.2072379727E-01
    0.6027737940E-02
    0.2868672330E-01
    0.2290161770E-01
    0.7247007900E-02
    0.6702410900E-02
    0.1317609330E-01
   -0.3390209100E-02
    0.1189609970E-01
   -0.5120878440E-01
   -0.5694395230E-01
    0.1230100760E-01
    0.5072133200E-02
    0.1451461000E-03
