    0.1565636100E-02
    0.1626622800E-02
   -0.1029340020E-01
   -0.7502015900E-02
    0.5397920700E-02
    0.4405797600E-02
   -0.2706417300E-02
    0.1882833690E-01
   -0.1294141370E-01
   -0.1214760080E-01
   -0.2651868730E-01
   -0.2117379746E-01
    0.7836241770E-02
    0.3190525925E-01
   -0.1810463735E-01
   -0.6528502000E-02
   -0.2147867430E-01
   -0.1273221240E-01
   -0.9382488100E-02
   -0.1738636730E-01
   -0.1915159249E-01
   -0.9096502100E-02
   -0.2518223845E-01
    0.2702910000E-01
   -0.1154327275E-01
    0.2571530810E-01
   -0.5644908700E-02
   -0.1264248500E-01
   -0.2339898940E-01
    0.1040711200E-01
    0.1042425260E-01
   -0.3659419930E-01
    0.7605988300E-02
   -0.1037334590E-01
   -0.1496067600E-03
   -0.5608946700E-02
    0.1965709130E-01
    0.2097817490E-01
    0.3148345600E-02
    0.9170565200E-02
    0.1150135820E-01
    0.3060477680E-01
    0.1300212930E-01
    0.1748000450E-01
   -0.1133651780E-01
    0.1924626600E-02
    0.6575463100E-02
    0.5427067160E-01
   -0.3484502970E-01
    0.2825206500E-02
   -0.2971201700E-02
   -0.8201057000E-03
   -0.1168196390E-01
    0.3637493530E-01
   -0.3162326670E-01
   -0.6232370000E-02
    0.1989454250E-01
    0.2929127300E-02
    0.3841451490E-01
   -0.3854901434E-01
   -0.8051400869E-02
    0.7206095100E-02
   -0.1823184520E-01
   -0.2370099430E-01
    0.1975284340E-01
   -0.2227234970E-01
    0.2293855400E-01
    0.6840445100E-02
    0.2886762250E-01
    0.2482634900E-01
    0.6625121500E-02
    0.2459695200E-02
    0.3656551600E-02
    0.1542725440E-01
    0.2490958990E-01
   -0.3141913200E-02
   -0.4913813870E-01
    0.3146573700E-02
   -0.1528433770E-01
    0.8006945800E-02
