   -0.1441635390E-01
    0.2966270400E-02
   -0.1166192800E-02
    0.1346161180E-01
   -0.5323631160E-01
    0.7030197850E-01
   -0.1082275500E-01
   -0.2322132300E-02
    0.2394616630E-01
    0.1623701510E-01
   -0.5390815750E-01
   -0.2001852936E-01
   -0.4526074670E-02
    0.2650249772E-01
   -0.8497772741E-01
    0.2328895500E-01
   -0.6199144790E-01
   -0.1498033000E-02
    0.5959909920E-01
   -0.3585727560E-01
    0.5081059730E-02
   -0.4250520000E-01
   -0.4425963745E-01
    0.5355677010E-01
    0.1191382379E-01
    0.3223240060E-01
   -0.3963508390E-01
   -0.2874029870E-01
   -0.7550334800E-01
   -0.1446109700E-02
    0.3306794489E-01
   -0.3693094470E-01
   -0.3558695080E-01
   -0.6767003000E-02
    0.2475404484E-01
    0.2424520480E-01
    0.4833484530E-01
    0.1009410690E+00
    0.1077771859E+00
    0.7359186660E-01
   -0.7284116840E-01
    0.9580336000E-02
    0.5690035560E-01
   -0.8488724000E-02
    0.7360761110E-01
   -0.2740194050E-01
    0.3324825300E-02
    0.6099535160E-01
    0.1003173600E-01
   -0.2863845640E-01
    0.6485421000E-02
    0.4038688500E-01
    0.7195084800E-02
   -0.5996510730E-01
   -0.9390096970E-01
    0.8470968660E-01
   -0.1136555941E+00
    0.2210726620E-01
    0.4794678570E-01
   -0.8001147288E-01
   -0.4735344521E-01
   -0.4556564700E-02
    0.5865306900E-02
   -0.8692368000E-02
    0.6409497760E-01
   -0.1431903510E-01
   -0.3294527000E-02
   -0.2343845090E-02
    0.4770200140E-01
    0.1427330050E-01
    0.4070425790E-01
    0.4897008400E-01
   -0.1207065730E-01
    0.4163402650E-01
   -0.5859371600E-01
   -0.2762566490E-01
   -0.1038903504E+00
    0.3812754220E-01
   -0.2916281840E-01
   -0.2352065860E-01
