    0.1864954080E-01
   -0.1407074610E-01
   -0.3653471900E-01
    0.3763271100E-02
   -0.6068923950E-01
    0.4927837380E-01
    0.1147236600E-02
   -0.3507654500E-02
    0.2499857290E-01
    0.1898770480E-01
   -0.5482653510E-01
    0.1100717161E-01
    0.4101256568E-01
    0.4639857739E-01
   -0.6763292121E-01
    0.3044571530E-01
   -0.4286411720E-01
    0.2894754700E-02
    0.3441373870E-01
   -0.4070403120E-01
    0.2666689652E-01
    0.3021875900E-02
    0.4117698730E-02
    0.4504921140E-01
    0.7074874500E-02
    0.2124750160E-01
   -0.4980318680E-01
   -0.3346530500E-01
   -0.6370405460E-01
   -0.2393978500E-02
   -0.1874016410E-01
   -0.4599116730E-01
    0.1028550950E-01
    0.1070828270E-01
    0.2436286436E-01
    0.6184439200E-02
    0.4775324850E-01
    0.6331843080E-01
    0.3485488930E-01
    0.5040317380E-01
    0.1093589380E-01
    0.3763525000E-02
    0.6252432590E-01
   -0.8998504300E-02
    0.3398287730E-01
   -0.1661037580E-01
   -0.2230472990E-01
    0.4901808780E-01
   -0.1812815740E-01
   -0.1289999230E-01
    0.1878301930E-01
    0.3789444900E-01
   -0.4175857240E-01
   -0.1643271300E-01
   -0.8771787220E-01
    0.2461117030E-01
    0.2188717800E-01
   -0.2681277600E-02
    0.6997148100E-02
   -0.5185125071E-01
   -0.1352887531E-01
   -0.2816695000E-02
    0.4894598600E-02
   -0.1964044520E-01
    0.5696102870E-01
   -0.3173958580E-01
   -0.1237349945E-01
   -0.1126100017E-01
    0.3620635520E-01
    0.1401894560E-01
    0.2522154990E-01
    0.3343289380E-01
    0.2280723340E-01
    0.3644878360E-01
   -0.5407428600E-01
   -0.4141606150E-01
   -0.1060004359E+00
    0.4208495280E-01
   -0.4259419030E-01
   -0.3076379580E-01
