    0.3781669800E-02
   -0.4780081490E-01
   -0.3549337830E-01
   -0.2376804990E-01
   -0.6383827290E-01
    0.1603221400E-01
   -0.2901888070E-01
    0.1888505220E-01
   -0.1709325720E-01
    0.2277951680E-01
   -0.2516767460E-01
   -0.1338802719E-01
    0.1539588620E-01
    0.3651721849E-01
   -0.2709024883E-01
    0.4343648000E-03
   -0.2481006360E-01
   -0.7996368000E-02
    0.1229442100E-02
   -0.2307408060E-01
   -0.8478453910E-02
   -0.7234771500E-02
   -0.1867698698E-01
    0.3279169800E-01
   -0.6272317050E-02
    0.2477249800E-01
   -0.6906357740E-01
   -0.1587305400E-01
   -0.3085869190E-01
    0.9075854400E-02
    0.8216119600E-02
   -0.3739313430E-01
    0.7875332700E-02
   -0.8353421700E-02
    0.8750163660E-02
   -0.3536600300E-02
    0.2309226000E-01
    0.3122068150E-01
    0.1310355550E-01
    0.1720236870E-01
    0.1225973890E-01
    0.3050463410E-01
    0.5833576670E-01
    0.1787799790E-01
    0.5454141110E-01
    0.3551753400E-02
   -0.2654639730E-01
    0.5888969640E-01
   -0.2452886640E-01
   -0.4689546600E-02
    0.3495459740E-01
    0.2727214070E-01
   -0.1562276800E-01
    0.1488833980E-01
   -0.5085368920E-01
    0.4608557200E-01
    0.3767721090E-01
    0.5158979300E-02
    0.3589543430E-01
   -0.4040533244E-01
   -0.8319140789E-02
    0.6474564000E-02
   -0.8284400000E-04
   -0.2517393210E-01
    0.2676652770E-01
   -0.2404171190E-01
    0.1780067185E-01
    0.5106808880E-02
    0.3096814090E-01
    0.2346681190E-01
    0.1107339140E-01
    0.1010685930E-01
    0.1433640170E-01
    0.1419497500E-02
    0.5956222800E-02
   -0.5024759980E-01
   -0.7463820900E-01
    0.1221984620E-01
   -0.2366197100E-02
   -0.2948553300E-02
