     Index              y_true              y_pred        descriptor_1
         1    0.5620975413E+00    0.6808484706E+00    0.4317978008E+00
         2    0.9056956227E+00    0.9191209046E+00    0.5541173498E-01
         3    0.8083895889E+00    0.9096023028E+00    0.7044775503E-01
         4    0.6421772092E+00    0.6092634024E+00    0.5448768579E+00
         5    0.8715765295E+00    0.8979424135E+00    0.8886625100E-01
         6    0.9273109443E+00    0.8991339580E+00    0.8698403273E-01
         7    0.8411585334E+00    0.7810749182E+00    0.2734755070E+00
         8    0.5722428313E+00    0.5402699226E+00    0.6538621231E+00
         9    0.8977355555E+00    0.7677873900E+00    0.2944650960E+00
        10    0.8885626648E+00    0.9086095441E+00    0.7201596220E-01
        11    0.9638748556E+00    0.8757759196E+00    0.1238814615E+00
        12    0.9004739847E+00    0.9268915476E+00    0.4313687095E-01
        13    0.8820174454E+00    0.8092134009E+00    0.2290266691E+00
        14    0.0000000000E+00   -0.1277891879E-01    0.1527483440E+01
        15    0.9329952116E+00    0.8918109319E+00    0.9855182057E-01
        16    0.3678890187E+00    0.5518647353E+00    0.6355464252E+00
        17    0.9326370362E+00    0.9071697228E+00    0.7429037005E-01
        18    0.3808895345E+00    0.5034639627E+00    0.7120025056E+00
        19    0.8858116192E+00    0.8481591590E+00    0.1675061632E+00
        20    0.9503799200E+00    0.8286669567E+00    0.1982969400E+00
        21    0.1000000000E+01    0.9541994853E+00    0.0000000000E+00
        22    0.8041988804E+00    0.8185182288E+00    0.2143283362E+00
        23    0.9599253399E+00    0.9404632802E+00    0.2169833968E-01
        24    0.8860835526E+00    0.8251632471E+00    0.2038315604E+00
        25    0.8800707844E+00    0.8641695293E+00    0.1422154479E+00
        26    0.7612853032E+00    0.8319318261E+00    0.1931396026E+00
        27    0.7490875382E+00    0.6182771768E+00    0.5306382865E+00
        28    0.2067819687E+00    0.1986058048E+00    0.1193570435E+01
        29    0.8915807882E+00    0.8224661599E+00    0.2080920031E+00
        30    0.7972610103E+00    0.9039777937E+00    0.7933248755E-01
        31    0.8889550579E+00    0.9067209459E+00    0.7499927852E-01
        32    0.9261229879E+00    0.9015001573E+00    0.8324627578E-01
        33    0.3316379064E+00    0.1552579953E+00    0.1262044623E+01
        34    0.8311076578E+00    0.8857393607E+00    0.1081427529E+00
        35    0.9073853840E+00    0.8980522611E+00    0.8869273067E-01
        36    0.9957689999E+00    0.9158361569E+00    0.6060047326E-01
        37    0.9054611350E+00    0.8645918213E+00    0.1415483761E+00
        38    0.5933326094E-01    0.1045130501E+00    0.1342203666E+01
        39    0.2972330726E+00    0.4320225006E+00    0.8248547160E+00
        40    0.8257655273E+00    0.9211483715E+00    0.5220905529E-01
        41    0.8649058980E+00    0.9121076327E+00    0.6649022096E-01
        42    0.7949602519E+00    0.8999241732E+00    0.8573577251E-01
        43    0.4211675824E+00    0.4479514040E+00    0.7996926896E+00
        44    0.9113139429E+00    0.9541994853E+00    0.0000000000E+00
        45    0.9486614488E+00    0.9243251722E+00    0.4719083528E-01
        46    0.8486539436E+00    0.9326106297E+00    0.3410274655E-01
        47    0.6776252254E+00    0.7266778903E+00    0.3594035474E+00
        48    0.9516741721E+00    0.8854157754E+00    0.1086539031E+00
        49    0.9247413468E+00    0.8860727744E+00    0.1076160773E+00
        50    0.9361189295E+00    0.9224714234E+00    0.5011910182E-01
        51    0.4204910594E+00    0.5136867092E+00    0.6958541863E+00
        52    0.8773503641E+00    0.8190784586E+00    0.2134433714E+00
        53    0.5011887913E+00    0.6465059494E+00    0.4860468224E+00
        54    0.8986310948E+00    0.8406249814E+00    0.1794074957E+00
        55    0.9424559028E+00    0.9140761839E+00    0.6338060722E-01
        56    0.8499727646E+00    0.8247703502E+00    0.2044521984E+00
        57    0.9104458988E+00    0.9141939766E+00    0.6319453652E-01
        58    0.3214587075E+00    0.3292808892E+00    0.9871500779E+00
        59    0.8391003218E+00    0.9117085455E+00    0.6712063748E-01
        60    0.9416069557E+00    0.8955062280E+00    0.9271456128E-01
        61    0.7517277088E+00    0.8041323804E+00    0.2370528821E+00
        62    0.9385941983E+00    0.8861945556E+00    0.1074237062E+00
        63    0.1724954183E+00    0.8912743016E-01    0.1366507497E+01
        64    0.9445858481E+00    0.9212007818E+00    0.5212626563E-01
