     Index              y_true              y_pred        descriptor_1        descriptor_2        descriptor_3        descriptor_4        descriptor_5
         1    0.5620975413E+00    0.5622559981E+00    0.4222974961E+00    0.3734853659E+00   -0.3717454328E+00    0.9397541660E+01    0.3056039570E-02
         2    0.9056956227E+00    0.9187433051E+00    0.8422406172E-01    0.1029193566E+00    0.3242467578E+00    0.9328552322E+00    0.1757518649E-01
         3    0.8083895889E+00    0.8305841225E+00    0.1105544842E+00    0.2049486171E+00    0.1023865309E+01    0.7191537478E+01    0.6002357045E-01
         4    0.6421772092E+00    0.6516058015E+00    0.4740260798E+00    0.2478975184E+00    0.1569887982E+01    0.1242552790E+02    0.9807615808E-01
         5    0.8715765295E+00    0.8585829123E+00    0.8422406172E-01    0.2912547049E+00    0.3535914013E+00    0.1088331104E+01    0.1856488767E-01
         6    0.9273109443E+00    0.9356300073E+00    0.1551454964E+00    0.6200730144E-01    0.9238082232E+00    0.2808327926E+01    0.9289234889E-02
         7    0.8411585334E+00    0.8486787249E+00    0.2998640514E+00    0.6483867233E-01    0.3432130267E+00    0.1678729588E+01    0.2122150535E-01
         8    0.5722428313E+00    0.5415023624E+00    0.6988456126E+00    0.6056369233E+00    0.3902410781E+00    0.0000000000E+00    0.7373066792E-01
         9    0.8977355555E+00    0.8732910133E+00    0.2957190511E+00    0.1565683568E+00    0.1184667079E+01    0.3613315548E+01    0.3835454909E-03
        10    0.8885626648E+00    0.9353191077E+00    0.1126730419E+00    0.4666058860E-01    0.1133277326E+01    0.3716766519E+01    0.5707057215E-01
        11    0.9638748556E+00    0.9387547601E+00    0.1820144108E+00    0.3112222266E-01    0.5690212735E+00    0.7226631096E+00    0.2349670871E-02
        12    0.9004739847E+00    0.8877184547E+00    0.9765989717E-01    0.1227869918E+00   -0.4380480826E-01    0.8524246455E+00    0.1899295232E-02
        13    0.8820174454E+00    0.8655446418E+00    0.2439417970E+00    0.7451118192E-01    0.7932424584E+00    0.4813532962E+01    0.9530074390E-02
        14    0.0000000000E+00   -0.4993147004E-01    0.1529073299E+01    0.1541491211E+01    0.1034356582E+00    0.5373212784E+00    0.4555623493E-01
        15    0.9329952116E+00    0.9093131659E+00    0.1645589588E+00    0.7257635348E-01    0.1133277326E+01    0.3888454052E+01    0.5345788512E-01
        16    0.3678890187E+00    0.3978159779E+00    0.8363044905E+00    0.7108241640E+00   -0.8094919162E+00    0.5000000000E+00    0.0000000000E+00
        17    0.9326370362E+00    0.9075762561E+00    0.1022121184E+00    0.1555912145E+00    0.1418502611E+01    0.5426725491E+01    0.5142903571E-01
        18    0.3808895345E+00    0.4272738507E+00    0.7418731192E+00    0.9284837802E+00    0.3840954091E+00    0.0000000000E+00    0.6688300650E-01
        19    0.8858116192E+00    0.8583000273E+00    0.2062005422E+00    0.1990060337E+00    0.1389882347E+01    0.4576866361E+01    0.6973922679E-01
        20    0.9503799200E+00    0.9125695507E+00    0.2401033443E+00    0.1025867413E+00    0.8266720609E+00    0.1079974544E+01    0.1984325855E-02
        21    0.1000000000E+01    0.9757241688E+00    0.1252645396E+00    0.5062472958E-01    0.7622656513E+00    0.1307570704E+00    0.0000000000E+00
        22    0.8041988804E+00    0.8711024830E+00    0.2384444061E+00    0.6239553035E-01    0.5703891723E+00    0.1918298402E+01    0.4845535504E-01
        23    0.9599253399E+00    0.9490406469E+00    0.7117619570E-01    0.6317075275E-01    0.6598771539E+00    0.2241009336E+01    0.1068280444E-01
        24    0.8860835526E+00    0.8296558913E+00    0.2375382264E+00    0.1204343322E+00    0.6202228122E+00    0.0000000000E+00    0.1505560258E+00
        25    0.8800707844E+00    0.8894755331E+00    0.1795060184E+00    0.6217630288E-01    0.4541196551E+00    0.1633621154E+01    0.4036036535E-01
        26    0.7612853032E+00    0.7860595591E+00    0.2169031034E+00    0.1673919875E+00    0.9081330297E+00    0.7257326620E+01    0.8130461729E-01
        27    0.7490875382E+00    0.7901360778E+00    0.5861913335E+00    0.5797235290E+00    0.2681849433E+01    0.8435107711E+00    0.1160646822E-01
        28    0.2067819687E+00    0.2568528440E+00    0.1233603852E+01    0.9025254717E+00    0.2366668080E+00    0.7061502197E+00    0.5351970784E-01
        29    0.8915807882E+00    0.8753487215E+00    0.2361758166E+00    0.2226205193E+00    0.8021518542E+00    0.1025975817E+01    0.1364442142E-03
        30    0.7972610103E+00    0.8314850340E+00    0.7913515060E-01    0.1792891301E+00    0.0000000000E+00    0.0000000000E+00    0.1176350206E+00
        31    0.8889550579E+00    0.8886089877E+00    0.4051298922E-01    0.1430789577E+00    0.0000000000E+00    0.0000000000E+00    0.5348712607E-01
        32    0.9261229879E+00    0.9432561047E+00    0.1175415295E+00    0.1497383314E+00    0.9644090245E+00    0.6655285256E+00    0.2481691667E-01
        33    0.3316379064E+00    0.2739972551E+00    0.1220129697E+01    0.7249348192E+00    0.2706514840E+00    0.1000000000E+01    0.1376493835E+00
        34    0.8311076578E+00    0.8163541602E+00    0.1325982088E+00    0.5930340714E-01    0.4055248636E+00    0.9379056079E+01    0.1271327714E-01
        35    0.9073853840E+00    0.9109796284E+00    0.1173678872E+00    0.8993906703E-01    0.1431624147E+00    0.0000000000E+00    0.1455544501E-01
        36    0.9957689999E+00    0.9536062402E+00    0.8807086833E-01    0.5692872985E-01    0.5384707907E+00    0.1277555972E+01    0.0000000000E+00
        37    0.9054611350E+00    0.8913279148E+00    0.1905401141E+00    0.1111204274E+00    0.1253072168E+01    0.3934499152E+01    0.6509526304E-01
        38    0.5933326094E-01    0.6596756042E-01    0.1426087274E+01    0.1319342098E+01    0.9123461574E-01    0.4619077656E+00    0.2462252800E-01
        39    0.2972330726E+00    0.2855463621E+00    0.8769240283E+00    0.1248632690E+01    0.2519253578E+00    0.0000000000E+00    0.3555431441E-01
        40    0.8257655273E+00    0.8309673708E+00    0.5430600097E-01    0.1881727693E+00    0.0000000000E+00    0.0000000000E+00    0.1294272013E+00
        41    0.8649058980E+00    0.8654092329E+00    0.9568361138E-01    0.1836276088E+00   -0.1149255807E-01    0.9996925054E+00    0.1026583743E-01
        42    0.7949602519E+00    0.7801499620E+00    0.8543920738E-01    0.2960507490E+00    0.0000000000E+00    0.0000000000E+00    0.1412818389E+00
        43    0.4211675824E+00    0.4516898295E+00    0.8397693787E+00    0.6044384161E+00    0.2172215580E+00    0.3941865846E+01    0.3128765494E-01
        44    0.9113139429E+00    0.9248868592E+00    0.1448633216E+00    0.7816350766E-01    0.8570892581E+00    0.3184337190E+01    0.7113134058E-02
        45    0.9486614488E+00    0.9511944522E+00    0.9170883474E-01    0.1482031939E+00    0.1025153487E+01    0.3536758369E+00    0.4455435014E-01
        46    0.8486539436E+00    0.8701060951E+00    0.6825792279E-01    0.2129363312E+00    0.3592243932E+00    0.1574730892E+01    0.4397323200E-01
        47    0.6776252254E+00    0.6775043193E+00    0.3938689188E+00    0.3184779890E+00    0.3641206997E+00    0.2944233432E+01    0.1081262313E+00
        48    0.9516741721E+00    0.9832838486E+00    0.2119596847E+00    0.1992562849E-01    0.1101482413E+01    0.1394196167E+00    0.0000000000E+00
        49    0.9247413468E+00    0.9287012978E+00    0.1652644704E+00    0.1617453355E+00    0.1361843205E+01    0.1767827004E+01    0.4852925588E-01
        50    0.9361189295E+00    0.9443167920E+00    0.1112314815E+00    0.1211329090E+00    0.9275605450E+00    0.1657718954E+01    0.1388028899E-01
        51    0.4204910594E+00    0.4765088560E+00    0.7151227648E+00    0.6556754997E+00    0.2209207685E+00    0.3301816680E+01    0.4928037529E-01
        52    0.8773503641E+00    0.9130755804E+00    0.2805713342E+00    0.9928065560E-01    0.1598381966E+01    0.5576784668E+00    0.1100084187E+00
        53    0.5011887913E+00    0.5216732190E+00    0.5187955173E+00    0.4323633673E+00    0.4183827021E+00    0.3428783849E+01    0.2569745702E+00
        54    0.8986310948E+00    0.8677418329E+00    0.2100671888E+00    0.5100183247E-01    0.5836103421E+00    0.0000000000E+00    0.1315415362E+00
        55    0.9424559028E+00    0.9342200663E+00    0.9054341812E-01    0.8594130431E-01    0.1280274710E+01    0.4665079808E+01    0.4809447255E-01
        56    0.8499727646E+00    0.8343554995E+00    0.2464111924E+00    0.1539292149E+00    0.5439654821E+00    0.0000000000E+00    0.1026450331E+00
        57    0.9104458988E+00    0.8639240260E+00    0.9273419871E-01    0.1774981025E+00    0.1152542054E+01    0.7409824637E+01    0.3796036773E-01
        58    0.3214587075E+00    0.3216557747E+00    0.1009190034E+01    0.7014732004E+00    0.3867159255E+00    0.2671008684E+01    0.1732054739E+00
        59    0.8391003218E+00    0.8744010368E+00    0.1064633004E+00    0.5146678260E-01    0.0000000000E+00    0.0000000000E+00    0.9532110825E-01
        60    0.9416069557E+00    0.9489674743E+00    0.1540133646E+00    0.9098170969E-01    0.1226421962E+01    0.1519710934E+01    0.4556326611E-01
        61    0.7517277088E+00    0.7489080859E+00    0.3036607336E+00    0.2518420312E+00    0.1295825349E+01    0.1064598391E+02    0.1892902541E-01
        62    0.9385941983E+00    0.8875941529E+00    0.1357984103E+00    0.2279309492E+00    0.5493157464E+00    0.6322065373E+00    0.9348243043E-02
        63    0.1724954183E+00    0.1473274926E+00    0.1335319190E+01    0.1059513119E+01    0.2694831411E+00    0.8214400514E+00    0.1057353271E+00
        64    0.9445858481E+00    0.9646726785E+00    0.9075144906E-01    0.3401767455E-01    0.5300063104E+00    0.7433533037E+00    0.3054164898E-02
