     Index              y_true              y_pred        descriptor_1        descriptor_2        descriptor_3
         1    0.5620975413E+00    0.5190389237E+00    0.4222974961E+00    0.1999792164E+00   -0.3717454328E+00
         2    0.9056956227E+00    0.9286640432E+00    0.8422406172E-01    0.1307939387E-01    0.3242467578E+00
         3    0.8083895889E+00    0.8743984100E+00    0.1105544842E+00    0.9699541227E-01    0.1023865309E+01
         4    0.6421772092E+00    0.7139150938E+00    0.4740260798E+00    0.7438159819E-01    0.1569887982E+01
         5    0.8715765295E+00    0.8608391945E+00    0.8422406172E-01    0.8785184587E-01    0.3535914013E+00
         6    0.9273109443E+00    0.9303475526E+00    0.1551454964E+00    0.2766389059E-02    0.9238082232E+00
         7    0.8411585334E+00    0.8106159919E+00    0.2998640514E+00    0.5923320046E-02    0.3432130267E+00
         8    0.5722428313E+00    0.4856356237E+00    0.6988456126E+00    0.1081115935E+00    0.3902410781E+00
         9    0.8977355555E+00    0.8204122428E+00    0.2957190511E+00    0.4853236739E-01    0.1184667079E+01
        10    0.8885626648E+00    0.9498781079E+00    0.1126730419E+00    0.2098914084E-01    0.1133277326E+01
        11    0.9638748556E+00    0.8974474306E+00    0.1820144108E+00    0.0000000000E+00    0.5690212735E+00
        12    0.9004739847E+00    0.9030547628E+00    0.9765989717E-01    0.1010051415E-01   -0.4380480826E-01
        13    0.8820174454E+00    0.8668307819E+00    0.2439417970E+00    0.7552867074E-02    0.7932424584E+00
        14    0.0000000000E+00   -0.2246754007E-01    0.1529073299E+01    0.1166516541E+00    0.1034356582E+00
        15    0.9329952116E+00    0.9380726062E+00    0.1645589588E+00    0.1125842530E-02    0.1133277326E+01
        16    0.3678890187E+00    0.3801142001E+00    0.8363044905E+00    0.6333336701E-01   -0.8094919162E+00
        17    0.9326370362E+00    0.9363189934E+00    0.1022121184E+00    0.5928706653E-01    0.1418502611E+01
        18    0.3808895345E+00    0.4949554544E+00    0.7418731192E+00    0.7069972934E-01    0.3840954091E+00
        19    0.8858116192E+00    0.8545851841E+00    0.2062005422E+00    0.8027090836E-01    0.1389882347E+01
        20    0.9503799200E+00    0.8609473788E+00    0.2401033443E+00    0.1830394049E-01    0.8266720609E+00
        21    0.1000000000E+01    0.9413273019E+00    0.1252645396E+00    0.0000000000E+00    0.7622656513E+00
        22    0.8041988804E+00    0.8465717868E+00    0.2384444061E+00    0.1942308785E-01    0.5703891723E+00
        23    0.9599253399E+00    0.9638822599E+00    0.7117619570E-01    0.3523494695E-02    0.6598771539E+00
        24    0.8860835526E+00    0.8178303964E+00    0.2375382264E+00    0.5392423835E-01    0.6202228122E+00
        25    0.8800707844E+00    0.8855516611E+00    0.1795060184E+00    0.7476783655E-02    0.4541196551E+00
        26    0.7612853032E+00    0.8274105715E+00    0.2169031034E+00    0.7386219017E-01    0.9081330297E+00
        27    0.7490875382E+00    0.7472191043E+00    0.5861913335E+00    0.3492378360E-01    0.2681849433E+01
        28    0.2067819687E+00    0.2328441639E+00    0.1233603852E+01    0.3530767177E-01    0.2366668080E+00
        29    0.8915807882E+00    0.8383582346E+00    0.2361758166E+00    0.4361223330E-01    0.8021518542E+00
        30    0.7972610103E+00    0.8251973947E+00    0.7913515060E-01    0.1081699720E+00    0.0000000000E+00
        31    0.8889550579E+00    0.8841973115E+00    0.4051298922E-01    0.6890493894E-01    0.0000000000E+00
        32    0.9261229879E+00    0.9180758498E+00    0.1175415295E+00    0.4202112552E-01    0.9644090245E+00
        33    0.3316379064E+00    0.2716610196E+00    0.1220129697E+01    0.4023644290E-02    0.2706514840E+00
        34    0.8311076578E+00    0.9150406054E+00    0.1325982088E+00    0.2260455549E-02    0.4055248636E+00
        35    0.9073853840E+00    0.9026433036E+00    0.1173678872E+00    0.9404242978E-02    0.1431624147E+00
        36    0.9957689999E+00    0.9481040601E+00    0.8807086833E-01    0.2608484387E-02    0.5384707907E+00
        37    0.9054611350E+00    0.8860260900E+00    0.1905401141E+00    0.4803822723E-01    0.1253072168E+01
        38    0.5933326094E-01    0.6688358450E-01    0.1426087274E+01    0.8438653561E-01    0.9123461574E-01
        39    0.2972330726E+00    0.3004868316E+00    0.8769240283E+00    0.1873156923E+00    0.2519253578E+00
        40    0.8257655273E+00    0.8893857375E+00    0.5430600097E-01    0.5466137615E-01    0.0000000000E+00
        41    0.8649058980E+00    0.8523814360E+00    0.9568361138E-01    0.6782924192E-01   -0.1149255807E-01
        42    0.7949602519E+00    0.7626992053E+00    0.8543920738E-01    0.1714882896E+00    0.0000000000E+00
        43    0.4211675824E+00    0.4190366281E+00    0.8397693787E+00    0.8094254194E-01    0.2172215580E+00
        44    0.9113139429E+00    0.9350103694E+00    0.1448633216E+00    0.1934603992E-03    0.8570892581E+00
        45    0.9486614488E+00    0.9545428495E+00    0.9170883474E-01    0.2263227010E-01    0.1025153487E+01
        46    0.8486539436E+00    0.8915875123E+00    0.6825792279E-01    0.6511417921E-01    0.3592243932E+00
        47    0.6776252254E+00    0.6572345102E+00    0.3938689188E+00    0.1132743643E+00    0.3641206997E+00
        48    0.9516741721E+00    0.9031121859E+00    0.2119596847E+00    0.7092888511E-02    0.1101482413E+01
        49    0.9247413468E+00    0.8953532621E+00    0.1652644704E+00    0.6039943076E-01    0.1361843205E+01
        50    0.9361189295E+00    0.9466238234E+00    0.1112314815E+00    0.1303825413E-01    0.9275605450E+00
        51    0.4204910594E+00    0.4839526017E+00    0.7151227648E+00    0.8953305799E-01    0.2209207685E+00
        52    0.8773503641E+00    0.8617612071E+00    0.2805713342E+00    0.3838634064E-01    0.1598381966E+01
        53    0.5011887913E+00    0.5286281556E+00    0.5187955173E+00    0.1765492272E+00    0.4183827021E+00
        54    0.8986310948E+00    0.8601372647E+00    0.2100671888E+00    0.2342864508E-01    0.5836103421E+00
        55    0.9424559028E+00    0.9574760240E+00    0.9054341812E-01    0.3553341166E-01    0.1280274710E+01
        56    0.8499727646E+00    0.7925774475E+00    0.2464111924E+00    0.7095627206E-01    0.5439654821E+00
        57    0.9104458988E+00    0.9795479345E+00    0.9273419871E-01    0.2725216363E-02    0.1152542054E+01
        58    0.3214587075E+00    0.3569051040E+00    0.1009190034E+01    0.5165292202E-01    0.3867159255E+00
        59    0.8391003218E+00    0.8923492045E+00    0.1064633004E+00    0.1872978125E-01    0.0000000000E+00
        60    0.9416069557E+00    0.9165358597E+00    0.1540133646E+00    0.3652472663E-01    0.1226421962E+01
        61    0.7517277088E+00    0.8379248147E+00    0.3036607336E+00    0.3137380039E-01    0.1295825349E+01
        62    0.9385941983E+00    0.8927013514E+00    0.1357984103E+00    0.3293698899E-01    0.5493157464E+00
        63    0.1724954183E+00    0.1700174550E+00    0.1335319190E+01    0.4105697448E-01    0.2694831411E+00
        64    0.9445858481E+00    0.9484916667E+00    0.9075144906E-01    0.0000000000E+00    0.5300063104E+00
