     Index              y_true              y_pred        descriptor_1        descriptor_2        descriptor_3        descriptor_4        descriptor_5        descriptor_6        descriptor_7
         1    0.5620975413E+00    0.5565415086E+00    0.3734853659E+00    0.5035222393E+00   -0.3717454328E+00    0.1197283438E+00    0.1899101122E+01    0.8585485695E-12    0.2148050007E+00
         2    0.9056956227E+00    0.9213762882E+00    0.1029193566E+00    0.1416302300E+00    0.3242467578E+00    0.8623152164E-01    0.6047096858E+00    0.1705111454E+00    0.5777849282E-03
         3    0.8083895889E+00    0.8206004238E+00    0.2049486171E+00    0.1490430292E+00    0.1023865309E+01    0.3126542432E+00    0.5266014258E+01    0.0000000000E+00    0.6774972925E-02
         4    0.6421772092E+00    0.6377625371E+00    0.2478975184E+00    0.1214073058E+01    0.1569887982E+01    0.3061020655E+00    0.1105320069E+02    0.1727959329E+00    0.5029470671E-01
         5    0.8715765295E+00    0.8303086300E+00    0.2912547049E+00    0.2258436188E+00    0.3535914013E+00    0.1395805408E-01    0.7923782090E+00    0.1476637464E+00    0.5777849282E-03
         6    0.9273109443E+00    0.9230464385E+00    0.6200730144E-01    0.3323732521E+00    0.9238082232E+00    0.8061313427E-01    0.1564530924E+01    0.1893636891E+00    0.1124040008E-01
         7    0.8411585334E+00    0.8189841244E+00    0.6483867233E-01    0.4955274611E+00    0.3432130267E+00    0.5918492535E+00    0.9352270902E+00    0.1702919616E-02    0.5836655157E-01
         8    0.5722428313E+00    0.5427273826E+00    0.6056369233E+00    0.1153000120E+01    0.3902410781E+00    0.3161286544E+00    0.0000000000E+00    0.5923084463E-08    0.2054869917E-02
         9    0.8977355555E+00    0.8978709452E+00    0.1565683568E+00    0.6367066315E+00    0.1184667079E+01    0.4388008060E+00    0.2746119816E+01    0.2442706186E+00    0.1747407857E-01
        10    0.8885626648E+00    0.9223998509E+00    0.4666058860E-01    0.1144450458E+00    0.1133277326E+01    0.4811317013E+00    0.2824742554E+01    0.0000000000E+00    0.1123831788E-01
        11    0.9638748556E+00    0.9648379075E+00    0.3112222266E-01    0.3185183858E+00    0.5690212735E+00    0.2876721428E+00    0.2423046897E+00    0.2246919654E+00    0.1747407857E-01
        12    0.9004739847E+00    0.8997030520E+00    0.1227869918E+00    0.1763608661E+00   -0.4380480826E-01    0.7920401055E-01    0.4123851137E+00    0.1987032808E+00    0.9855128366E-02
        13    0.8820174454E+00    0.8684486782E+00    0.7451118192E-01    0.4371597421E+00    0.7932424584E+00    0.5030497603E+00    0.2681638816E+01    0.1245435602E+00    0.7432380961E-01
        14    0.0000000000E+00   -0.8254709647E-02    0.1541491211E+01    0.2866744152E+01    0.1034356582E+00    0.2644749950E+00    0.5373212784E+00    0.2615891204E+00    0.9885207040E-01
        15    0.9329952116E+00    0.9605692462E+00    0.7257635348E-01    0.2806091886E+00    0.1133277326E+01    0.3734780613E+00    0.2955225080E+01    0.2021101452E+00    0.1124040008E-01
        16    0.3678890187E+00    0.4074877332E+00    0.7108241640E+00    0.1350556776E+01   -0.8094919162E+00    0.2620298726E+00    0.5000000000E+00    0.2951177082E-01    0.2000930495E-01
        17    0.9326370362E+00    0.9123874374E+00    0.1555912145E+00    0.1143174298E+00    0.1418502611E+01    0.8574658992E+00    0.5426725491E+01    0.4359899336E-16    0.1548465796E-01
        18    0.3808895345E+00    0.3866075830E+00    0.9284837802E+00    0.1304175117E+01    0.3840954091E+00    0.4608386967E-01    0.0000000000E+00    0.1340154000E-05    0.5400494483E-02
        19    0.8858116192E+00    0.8684106267E+00    0.1990060337E+00    0.2657065151E+00    0.1389882347E+01    0.7590988696E+00    0.4576866361E+01    0.0000000000E+00    0.1747407857E-01
        20    0.9503799200E+00    0.9017774716E+00    0.1025867413E+00    0.3912896555E+00    0.8266720609E+00    0.3875731506E+00    0.7000776162E+00    0.1077803114E+00    0.7046293281E-02
        21    0.1000000000E+01    0.9982732654E+00    0.5062472958E-01    0.3021328002E+00    0.7622656513E+00    0.5685269474E+00    0.0000000000E+00    0.2315939516E+00    0.3473028294E-01
        22    0.8041988804E+00    0.8590500968E+00    0.6239553035E-01    0.3011859994E+00    0.5703891723E+00    0.4058755202E+00    0.1457906785E+01    0.0000000000E+00    0.1791407921E-01
        23    0.9599253399E+00    0.9143716149E+00    0.6317075275E-01    0.1764478065E+00    0.6598771539E+00    0.2720720102E-01    0.2646712694E+01    0.1743402304E+00    0.9683609784E-02
        24    0.8860835526E+00    0.8816596336E+00    0.1204343322E+00    0.2992683223E+00    0.6202228122E+00    0.5723684265E+00    0.0000000000E+00    0.0000000000E+00    0.6610157724E-02
        25    0.8800707844E+00    0.8673684101E+00    0.6217630288E-01    0.5137923100E+00    0.4541196551E+00    0.2649515970E+00    0.9100969976E+00    0.1241593767E+00    0.2976629132E-02
        26    0.7612853032E+00    0.7615497170E+00    0.1673919875E+00    0.3316408259E+00    0.9081330297E+00    0.4200931623E+00    0.6455797149E+01    0.0000000000E+00    0.7432380961E-01
        27    0.7490875382E+00    0.7656340402E+00    0.5797235290E+00    0.1027929479E+01    0.2681849433E+01    0.4517982349E+00    0.8435107711E+00    0.1936922472E+00    0.3419168060E-01
        28    0.2067819687E+00    0.1869292308E+00    0.9025254717E+00    0.2633017246E+01    0.2366668080E+00    0.2156109111E+00    0.6281600393E+00    0.1081744011E+00    0.4849443311E-01
        29    0.8915807882E+00    0.8865737525E+00    0.2226205193E+00    0.3733724780E+00    0.8021518542E+00    0.4509695714E+00    0.5431636677E+00    0.1344370488E+00    0.7046293281E-02
        30    0.7972610103E+00    0.8201959235E+00    0.1792891301E+00    0.1305434295E+00    0.0000000000E+00    0.2794882723E+00    0.0000000000E+00    0.0000000000E+00    0.3334787522E-01
        31    0.8889550579E+00    0.8712341769E+00    0.1430789577E+00    0.8606377675E-01    0.0000000000E+00    0.4451682994E+00    0.0000000000E+00    0.0000000000E+00    0.0000000000E+00
        32    0.9261229879E+00    0.9145362837E+00    0.1497383314E+00    0.1489028271E+00    0.9644090245E+00    0.3119315046E-01    0.4958839995E+00    0.1256826300E+00    0.0000000000E+00
        33    0.3316379064E+00    0.3167380267E+00    0.7249348192E+00    0.2453353095E+01    0.2706514840E+00    0.2289636731E+00    0.1000000000E+01    0.1871757886E+00    0.2823269016E-01
        34    0.8311076578E+00    0.8139792224E+00    0.5930340714E-01    0.4060022070E+00    0.4055248636E+00    0.4148416638E-01    0.5225110337E+01    0.1194578873E+00    0.3762701092E-02
        35    0.9073853840E+00    0.9032311585E+00    0.8993906703E-01    0.1667654359E+00    0.1431624147E+00    0.3686448429E+00    0.6623964509E+00    0.1133521782E+00    0.2661652795E-01
        36    0.9957689999E+00    0.9913289503E+00    0.5692872985E-01    0.1878534206E+00    0.5384707907E+00    0.4060566573E+00    0.0000000000E+00    0.2104765996E+00    0.8436568134E-02
        37    0.9054611350E+00    0.8942308099E+00    0.1111204274E+00    0.2056739421E+00    0.1253072168E+01    0.5977856988E+00    0.3499956629E+01    0.0000000000E+00    0.1747407857E-01
        38    0.5933326094E-01    0.3909438861E-01    0.1319342098E+01    0.2774511304E+01    0.9123461574E-01    0.4670608820E+00    0.4108927423E+00    0.1264065478E+00    0.9885207040E-01
        39    0.2972330726E+00    0.3139966135E+00    0.1248632690E+01    0.1785780355E+01    0.2519253578E+00    0.4910310386E+00    0.0000000000E+00    0.1893759304E+00    0.2556818182E-01
        40    0.8257655273E+00    0.8334030826E+00    0.1881727693E+00    0.1307124318E+00    0.0000000000E+00    0.1810532776E+00    0.0000000000E+00    0.2542792847E-01    0.4040768425E-06
        41    0.8649058980E+00    0.8337347443E+00    0.1836276088E+00    0.9147467399E-01   -0.1149255807E-01    0.3040875615E+00    0.7104257384E+00    0.0000000000E+00    0.3235808314E-02
        42    0.7949602519E+00    0.7996000285E+00    0.2960507490E+00    0.1443904793E+00    0.0000000000E+00    0.4541345582E+00    0.0000000000E+00    0.0000000000E+00    0.3334787522E-01
        43    0.4211675824E+00    0.4478024454E+00    0.6044384161E+00    0.1821665451E+01    0.2172215580E+00    0.4236359177E+00    0.3506509714E+01    0.1518829492E+00    0.1642369444E-01
        44    0.9113139429E+00    0.9276855120E+00    0.7816350766E-01    0.3954947492E+00    0.8570892581E+00    0.6693977228E+00    0.5462597588E+00    0.1471152127E+00    0.7432380961E-01
        45    0.9486614488E+00    0.9520475742E+00    0.1482031939E+00    0.2888617948E+00    0.1025153487E+01    0.2970250613E+00    0.2677735463E+00    0.2271400443E+00    0.3337447499E-01
        46    0.8486539436E+00    0.8317270646E+00    0.2129363312E+00    0.1140261830E+00    0.3592243932E+00    0.8781674094E-02    0.1192253559E+01    0.6280094483E-01    0.3240596190E-02
        47    0.6776252254E+00    0.6861249513E+00    0.3184779890E+00    0.6300987034E+00    0.3641206997E+00    0.4993719502E+00    0.2944233432E+01    0.0000000000E+00    0.5836655157E-01
        48    0.9516741721E+00    0.9804831001E+00    0.1992562849E-01    0.1495372351E+00    0.1101482413E+01    0.6792512202E-02    0.0000000000E+00    0.1728412189E+00    0.9744693710E-02
        49    0.9247413468E+00    0.9348231505E+00    0.1617453355E+00    0.1761435058E+00    0.1361843205E+01    0.8435222134E+00    0.1767827004E+01    0.0000000000E+00    0.1355582156E-01
        50    0.9361189295E+00    0.9388105715E+00    0.1211329090E+00    0.2130688225E+00    0.9275605450E+00    0.1581951215E+00    0.1255085129E+01    0.1905000868E+00    0.9855128366E-02
        51    0.4204910594E+00    0.4190546436E+00    0.6556754997E+00    0.1296635482E+01    0.2209207685E+00    0.4755952556E-01    0.3301816680E+01    0.0000000000E+00    0.2703040659E-01
        52    0.8773503641E+00    0.8702019811E+00    0.9928065560E-01    0.4521975781E+00    0.1598381966E+01    0.1313758460E+00    0.3615068649E+00    0.2260393405E-01    0.9744693710E-02
        53    0.5011887913E+00    0.5101733886E+00    0.4323633673E+00    0.1100525204E+01    0.4183827021E+00    0.3553144506E+00    0.3428783849E+01    0.3387110703E-01    0.1790034170E+00
        54    0.8986310948E+00    0.9003212062E+00    0.5100183247E-01    0.2411335203E+00    0.5836103421E+00    0.4618365670E+00    0.0000000000E+00    0.0000000000E+00    0.6610157724E-02
        55    0.9424559028E+00    0.9268653502E+00    0.8594130431E-01    0.8680857646E-01    0.1280274710E+01    0.6772955299E+00    0.4149848905E+01    0.0000000000E+00    0.1548465796E-01
        56    0.8499727646E+00    0.8591844088E+00    0.1539292149E+00    0.2792684424E+00    0.5439654821E+00    0.4277029340E+00    0.0000000000E+00    0.0000000000E+00    0.0000000000E+00
        57    0.9104458988E+00    0.9197737138E+00    0.1774981025E+00    0.1802833155E+00    0.1152542054E+01    0.3303263762E+00    0.5425855363E+01    0.2065751607E+00    0.8436568134E-02
        58    0.3214587075E+00    0.3608282485E+00    0.7014732004E+00    0.1887743702E+01    0.3867159255E+00    0.7134019629E-01    0.2671008684E+01    0.1036284532E+00    0.2886593980E-01
        59    0.8391003218E+00    0.8618705789E+00    0.5146678260E-01    0.1151657910E+00    0.0000000000E+00    0.1391781513E+00    0.7781272226E+00    0.3412813391E-01    0.1721164140E-01
        60    0.9416069557E+00    0.9424115350E+00    0.9098170969E-01    0.1376189642E+00    0.1226421962E+01    0.6613790987E+00    0.1351867709E+01    0.0000000000E+00    0.1355582156E-01
        61    0.7517277088E+00    0.7623181006E+00    0.2518420312E+00    0.6179870733E+00    0.1295825349E+01    0.9101817141E-01    0.7795537914E+01    0.1737790197E+00    0.6540100820E-02
        62    0.9385941983E+00    0.9314691181E+00    0.2279309492E+00    0.3631423245E+00    0.5493157464E+00    0.5648267424E+00    0.4710558513E+00    0.2639043542E+00    0.3262675715E-01
        63    0.1724954183E+00    0.1699387549E+00    0.1059513119E+01    0.2589842176E+01    0.2694831411E+00    0.3393867859E-01    0.8214400514E+00    0.2055415587E+00    0.4849443311E-01
        64    0.9445858481E+00    0.9746678541E+00    0.3401767455E-01    0.1998669174E+00    0.5300063104E+00    0.3295702584E+00    0.2492419901E+00    0.1890010183E+00    0.1123831788E-01
