     Index              y_true              y_pred        descriptor_1        descriptor_2        descriptor_3        descriptor_4
         1    0.5620975413E+00    0.6136228203E+00    0.4222974961E+00    0.3734853659E+00   -0.3717454328E+00    0.1899101122E+01
         2    0.9056956227E+00    0.9026668768E+00    0.8422406172E-01    0.1029193566E+00    0.3242467578E+00    0.6047096858E+00
         3    0.8083895889E+00    0.8432529886E+00    0.1105544842E+00    0.2049486171E+00    0.1023865309E+01    0.5266014258E+01
         4    0.6421772092E+00    0.6445446146E+00    0.4740260798E+00    0.2478975184E+00    0.1569887982E+01    0.1105320069E+02
         5    0.8715765295E+00    0.8467508069E+00    0.8422406172E-01    0.2912547049E+00    0.3535914013E+00    0.7923782090E+00
         6    0.9273109443E+00    0.9265949207E+00    0.1551454964E+00    0.6200730144E-01    0.9238082232E+00    0.1564530924E+01
         7    0.8411585334E+00    0.8314296769E+00    0.2998640514E+00    0.6483867233E-01    0.3432130267E+00    0.9352270902E+00
         8    0.5722428313E+00    0.5493976024E+00    0.6988456126E+00    0.6056369233E+00    0.3902410781E+00    0.0000000000E+00
         9    0.8977355555E+00    0.8505024755E+00    0.2957190511E+00    0.1565683568E+00    0.1184667079E+01    0.2746119816E+01
        10    0.8885626648E+00    0.9429614048E+00    0.1126730419E+00    0.4666058860E-01    0.1133277326E+01    0.2824742554E+01
        11    0.9638748556E+00    0.9172389709E+00    0.1820144108E+00    0.3112222266E-01    0.5690212735E+00    0.2423046897E+00
        12    0.9004739847E+00    0.8617026077E+00    0.9765989717E-01    0.1227869918E+00   -0.4380480826E-01    0.4123851137E+00
        13    0.8820174454E+00    0.8586170641E+00    0.2439417970E+00    0.7451118192E-01    0.7932424584E+00    0.2681638816E+01
        14    0.0000000000E+00   -0.6197546182E-01    0.1529073299E+01    0.1541491211E+01    0.1034356582E+00    0.5373212784E+00
        15    0.9329952116E+00    0.9141981390E+00    0.1645589588E+00    0.7257635348E-01    0.1133277326E+01    0.2955225080E+01
        16    0.3678890187E+00    0.3497295829E+00    0.8363044905E+00    0.7108241640E+00   -0.8094919162E+00    0.5000000000E+00
        17    0.9326370362E+00    0.8940243789E+00    0.1022121184E+00    0.1555912145E+00    0.1418502611E+01    0.5426725491E+01
        18    0.3808895345E+00    0.4385748746E+00    0.7418731192E+00    0.9284837802E+00    0.3840954091E+00    0.0000000000E+00
        19    0.8858116192E+00    0.8563011783E+00    0.2062005422E+00    0.1990060337E+00    0.1389882347E+01    0.4576866361E+01
        20    0.9503799200E+00    0.8905853025E+00    0.2401033443E+00    0.1025867413E+00    0.8266720609E+00    0.7000776162E+00
        21    0.1000000000E+01    0.9541794934E+00    0.1252645396E+00    0.5062472958E-01    0.7622656513E+00    0.0000000000E+00
        22    0.8041988804E+00    0.8658089843E+00    0.2384444061E+00    0.6239553035E-01    0.5703891723E+00    0.1457906785E+01
        23    0.9599253399E+00    0.9129825664E+00    0.7117619570E-01    0.6317075275E-01    0.6598771539E+00    0.2646712694E+01
        24    0.8860835526E+00    0.8799865727E+00    0.2375382264E+00    0.1204343322E+00    0.6202228122E+00    0.0000000000E+00
        25    0.8800707844E+00    0.8864649278E+00    0.1795060184E+00    0.6217630288E-01    0.4541196551E+00    0.9100969976E+00
        26    0.7612853032E+00    0.7836383332E+00    0.2169031034E+00    0.1673919875E+00    0.9081330297E+00    0.6455797149E+01
        27    0.7490875382E+00    0.7926804807E+00    0.5861913335E+00    0.5797235290E+00    0.2681849433E+01    0.8435107711E+00
        28    0.2067819687E+00    0.2430666728E+00    0.1233603852E+01    0.9025254717E+00    0.2366668080E+00    0.6281600393E+00
        29    0.8915807882E+00    0.8573976732E+00    0.2361758166E+00    0.2226205193E+00    0.8021518542E+00    0.5431636677E+00
        30    0.7972610103E+00    0.8633061012E+00    0.7913515060E-01    0.1792891301E+00    0.0000000000E+00    0.0000000000E+00
        31    0.8889550579E+00    0.8879253285E+00    0.4051298922E-01    0.1430789577E+00    0.0000000000E+00    0.0000000000E+00
        32    0.9261229879E+00    0.9375032694E+00    0.1175415295E+00    0.1497383314E+00    0.9644090245E+00    0.4958839995E+00
        33    0.3316379064E+00    0.2964297272E+00    0.1220129697E+01    0.7249348192E+00    0.2706514840E+00    0.1000000000E+01
        34    0.8311076578E+00    0.8220231015E+00    0.1325982088E+00    0.5930340714E-01    0.4055248636E+00    0.5225110337E+01
        35    0.9073853840E+00    0.8768171119E+00    0.1173678872E+00    0.8993906703E-01    0.1431624147E+00    0.6623964509E+00
        36    0.9957689999E+00    0.9453015359E+00    0.8807086833E-01    0.5692872985E-01    0.5384707907E+00    0.0000000000E+00
        37    0.9054611350E+00    0.8946323380E+00    0.1905401141E+00    0.1111204274E+00    0.1253072168E+01    0.3499956629E+01
        38    0.5933326094E-01    0.4165875733E-01    0.1426087274E+01    0.1319342098E+01    0.9123461574E-01    0.4108927423E+00
        39    0.2972330726E+00    0.2836286822E+00    0.8769240283E+00    0.1248632690E+01    0.2519253578E+00    0.0000000000E+00
        40    0.8257655273E+00    0.8697030586E+00    0.5430600097E-01    0.1881727693E+00    0.0000000000E+00    0.0000000000E+00
        41    0.8649058980E+00    0.8421660844E+00    0.9568361138E-01    0.1836276088E+00   -0.1149255807E-01    0.7104257384E+00
        42    0.7949602519E+00    0.8267856228E+00    0.8543920738E-01    0.2960507490E+00    0.0000000000E+00    0.0000000000E+00
        43    0.4211675824E+00    0.4195463265E+00    0.8397693787E+00    0.6044384161E+00    0.2172215580E+00    0.3506509714E+01
        44    0.9113139429E+00    0.9378378513E+00    0.1448633216E+00    0.7816350766E-01    0.8570892581E+00    0.5462597588E+00
        45    0.9486614488E+00    0.9570017219E+00    0.9170883474E-01    0.1482031939E+00    0.1025153487E+01    0.2677735463E+00
        46    0.8486539436E+00    0.8688057387E+00    0.6825792279E-01    0.2129363312E+00    0.3592243932E+00    0.1192253559E+01
        47    0.6776252254E+00    0.6886578641E+00    0.3938689188E+00    0.3184779890E+00    0.3641206997E+00    0.2944233432E+01
        48    0.9516741721E+00    0.9628437477E+00    0.2119596847E+00    0.1992562849E-01    0.1101482413E+01    0.0000000000E+00
        49    0.9247413468E+00    0.9301677180E+00    0.1652644704E+00    0.1617453355E+00    0.1361843205E+01    0.1767827004E+01
        50    0.9361189295E+00    0.9311057084E+00    0.1112314815E+00    0.1211329090E+00    0.9275605450E+00    0.1255085129E+01
        51    0.4204910594E+00    0.4537447944E+00    0.7151227648E+00    0.6556754997E+00    0.2209207685E+00    0.3301816680E+01
        52    0.8773503641E+00    0.9537286178E+00    0.2805713342E+00    0.9928065560E-01    0.1598381966E+01    0.3615068649E+00
        53    0.5011887913E+00    0.6062081050E+00    0.5187955173E+00    0.4323633673E+00    0.4183827021E+00    0.3428783849E+01
        54    0.8986310948E+00    0.9069478881E+00    0.2100671888E+00    0.5100183247E-01    0.5836103421E+00    0.0000000000E+00
        55    0.9424559028E+00    0.9290387078E+00    0.9054341812E-01    0.8594130431E-01    0.1280274710E+01    0.4149848905E+01
        56    0.8499727646E+00    0.8599588280E+00    0.2464111924E+00    0.1539292149E+00    0.5439654821E+00    0.0000000000E+00
        57    0.9104458988E+00    0.8666740065E+00    0.9273419871E-01    0.1774981025E+00    0.1152542054E+01    0.5425855363E+01
        58    0.3214587075E+00    0.3602804424E+00    0.1009190034E+01    0.7014732004E+00    0.3867159255E+00    0.2671008684E+01
        59    0.8391003218E+00    0.8768402803E+00    0.1064633004E+00    0.5146678260E-01    0.0000000000E+00    0.7781272226E+00
        60    0.9416069557E+00    0.9500848935E+00    0.1540133646E+00    0.9098170969E-01    0.1226421962E+01    0.1351867709E+01
        61    0.7517277088E+00    0.7387944296E+00    0.3036607336E+00    0.2518420312E+00    0.1295825349E+01    0.7795537914E+01
        62    0.9385941983E+00    0.8703566299E+00    0.1357984103E+00    0.2279309492E+00    0.5493157464E+00    0.4710558513E+00
        63    0.1724954183E+00    0.1596825276E+00    0.1335319190E+01    0.1059513119E+01    0.2694831411E+00    0.8214400514E+00
        64    0.9445858481E+00    0.9457755024E+00    0.9075144906E-01    0.3401767455E-01    0.5300063104E+00    0.2492419901E+00
