     Index              y_true              y_pred        descriptor_1        descriptor_2        descriptor_3        descriptor_4        descriptor_5        descriptor_6
         1    0.5620975413E+00    0.6155389476E+00    0.1356042046E-01    0.3765058585E+00   -0.3717454328E+00    0.9397541660E+01    0.8585485695E-12    0.5507406746E+01
         2    0.9056956227E+00    0.9216703317E+00    0.3051649475E-01    0.7627925858E-01    0.3242467578E+00    0.9328552322E+00    0.1705111454E+00    0.2190979383E+01
         3    0.8083895889E+00    0.8349612989E+00    0.2937283699E-01    0.1463752292E+00    0.1023865309E+01    0.7191537478E+01    0.0000000000E+00    0.2129145135E+01
         4    0.6421772092E+00    0.6420470061E+00    0.5255339236E+00    0.2233484405E+00    0.1569887982E+01    0.1242552790E+02    0.1727959329E+00    0.1670274310E+02
         5    0.8715765295E+00    0.8650630220E+00    0.5676346865E-01    0.2070240985E+00    0.3535914013E+00    0.1088331104E+01    0.1476637464E+00    0.2022371401E+01
         6    0.9273109443E+00    0.9410178244E+00    0.1183551864E+00    0.3139858280E-01    0.9238082232E+00    0.2808327926E+01    0.1893636891E+00    0.1677201065E+01
         7    0.8411585334E+00    0.8294074058E+00    0.1115624704E+00    0.7470934052E-01    0.3432130267E+00    0.1678729588E+01    0.1702919616E-02    0.4995849727E+01
         8    0.5722428313E+00    0.5606994280E+00    0.4541545070E+00    0.6370964277E+00    0.3902410781E+00    0.0000000000E+00    0.5923084463E-08    0.1609856997E+01
         9    0.8977355555E+00    0.8862314584E+00    0.2181378447E+00    0.1409562075E+00    0.1184667079E+01    0.3613315548E+01    0.2442706186E+00    0.8284761317E+01
        10    0.8885626648E+00    0.9184476029E+00    0.8257189001E-02    0.5020768992E-01    0.1133277326E+01    0.3716766519E+01    0.0000000000E+00    0.4121844277E+01
        11    0.9638748556E+00    0.9719217151E+00    0.2590863015E-01    0.2349633513E-01    0.5690212735E+00    0.7226631096E+00    0.2246919654E+00    0.5797270375E+01
        12    0.9004739847E+00    0.8996279049E+00    0.3358592462E-01    0.8296918673E-01   -0.4380480826E-01    0.8524246455E+00    0.1987032808E+00    0.7877425692E+00
        13    0.8820174454E+00    0.8746304853E+00    0.9414710516E-01    0.8074096800E-01    0.7932424584E+00    0.4813532962E+01    0.1245435602E+00    0.4039836165E+01
        14    0.0000000000E+00   -0.3604684912E-01    0.1337670853E+01    0.1664933744E+01    0.1034356582E+00    0.5373212784E+00    0.2615891204E+00    0.5267072237E+01
        15    0.9329952116E+00    0.9445958728E+00    0.1105472646E+00    0.5095763983E-01    0.1133277326E+01    0.3888454052E+01    0.2021101452E+00    0.2627525049E+01
        16    0.3678890187E+00    0.3494948577E+00    0.6779118464E+00    0.6690650290E+00   -0.8094919162E+00    0.5000000000E+00    0.2951177082E-01    0.1231638418E+02
        17    0.9326370362E+00    0.8927964736E+00    0.1559748921E-01    0.1363799023E+00    0.1418502611E+01    0.5426725491E+01    0.4359899336E-16    0.4149821147E+01
        18    0.3808895345E+00    0.4044107290E+00    0.5623019973E+00    0.1012441075E+01    0.3840954091E+00    0.0000000000E+00    0.1340154000E-05    0.9359717179E+00
        19    0.8858116192E+00    0.8469537172E+00    0.6746457189E-01    0.1891103581E+00    0.1389882347E+01    0.4576866361E+01    0.0000000000E+00    0.1259881233E+02
        20    0.9503799200E+00    0.9163241702E+00    0.7057976633E-01    0.9678148120E-01    0.8266720609E+00    0.1079974544E+01    0.1077803114E+00    0.5343540778E+01
        21    0.1000000000E+01    0.1003130283E+01    0.3975431582E-01    0.0000000000E+00    0.7622656513E+00    0.1307570704E+00    0.2315939516E+00    0.4335109792E+01
        22    0.8041988804E+00    0.8210583577E+00    0.4953283675E-01    0.8197172888E-01    0.5703891723E+00    0.1918298402E+01    0.0000000000E+00    0.2524672076E+02
        23    0.9599253399E+00    0.9510842334E+00    0.4210194269E-01    0.2361807338E-01    0.6598771539E+00    0.2241009336E+01    0.1743402304E+00    0.1138124000E+01
        24    0.8860835526E+00    0.8818489066E+00    0.5306622276E-01    0.1280724542E+00    0.6202228122E+00    0.0000000000E+00    0.0000000000E+00    0.2164916095E+01
        25    0.8800707844E+00    0.8646045125E+00    0.1986126385E+00    0.3213277917E-01    0.4541196551E+00    0.1633621154E+01    0.1241593767E+00    0.2554330912E+01
        26    0.7612853032E+00    0.7777808714E+00    0.9114706893E-01    0.1637825057E+00    0.9081330297E+00    0.7257326620E+01    0.0000000000E+00    0.1102398759E+02
        27    0.7490875382E+00    0.7755031036E+00    0.4402335556E+00    0.5663585776E+00    0.2681849433E+01    0.8435107711E+00    0.1936922472E+00    0.2766648538E+02
        28    0.2067819687E+00    0.2211679888E+00    0.1222281349E+01    0.8053591058E+00    0.2366668080E+00    0.7061502197E+00    0.1081744011E+00    0.1414869722E+02
        29    0.8915807882E+00    0.8957942505E+00    0.6171272145E-01    0.2049707698E+00    0.8021518542E+00    0.1025975817E+01    0.1344370488E+00    0.3456702301E+01
        30    0.7972610103E+00    0.8098999082E+00    0.4161147144E-01    0.1731647917E+00    0.0000000000E+00    0.0000000000E+00    0.0000000000E+00    0.6240052944E+01
        31    0.8889550579E+00    0.8481739961E+00    0.5256693920E-02    0.1355317259E+00    0.0000000000E+00    0.0000000000E+00    0.0000000000E+00    0.0000000000E+00
        32    0.9261229879E+00    0.9381835523E+00    0.5838150534E-02    0.1271973503E+00    0.9644090245E+00    0.6655285256E+00    0.1256826300E+00    0.1145397887E+02
        33    0.3316379064E+00    0.3060898934E+00    0.1150641514E+01    0.7291844907E+00    0.2706514840E+00    0.1000000000E+01    0.1871757886E+00    0.8543083594E+01
        34    0.8311076578E+00    0.7818969391E+00    0.1558882446E+00    0.2954295192E-01    0.4055248636E+00    0.9379056079E+01    0.1194578873E+00    0.3786342648E+01
        35    0.9073853840E+00    0.9046681785E+00    0.0000000000E+00    0.8561241482E-01    0.1431624147E+00    0.0000000000E+00    0.1133521782E+00    0.3547417496E+01
        36    0.9957689999E+00    0.9670616632E+00    0.1343044386E-01    0.3648641334E-01    0.5384707907E+00    0.1277555972E+01    0.2104765996E+00    0.1994163399E+01
        37    0.9054611350E+00    0.8731768183E+00    0.3077527507E-01    0.1137809122E+00    0.1253072168E+01    0.3934499152E+01    0.0000000000E+00    0.1557047943E+02
        38    0.5933326094E-01    0.7443885985E-01    0.1231282004E+01    0.1260414921E+01    0.9123461574E-01    0.4619077656E+00    0.1264065478E+00    0.1187339189E+02
        39    0.2972330726E+00    0.2836415668E+00    0.9065532026E+00    0.1153662144E+01    0.2519253578E+00    0.0000000000E+00    0.1893759304E+00    0.1312473930E+01
        40    0.8257655273E+00    0.8049638409E+00    0.7640643080E-01    0.1809067569E+00    0.0000000000E+00    0.0000000000E+00    0.2542792847E-01    0.5283478059E+01
        41    0.8649058980E+00    0.8260538180E+00    0.7353637483E-03    0.1559468503E+00   -0.1149255807E-01    0.9996925054E+00    0.0000000000E+00    0.2117533958E+01
        42    0.7949602519E+00    0.7766022510E+00    0.5570894161E-01    0.2862167293E+00    0.0000000000E+00    0.0000000000E+00    0.0000000000E+00    0.2755660000E+01
        43    0.4211675824E+00    0.4018237964E+00    0.8332033168E+00    0.5366172070E+00    0.2172215580E+00    0.3941865846E+01    0.1518829492E+00    0.2126255879E+02
        44    0.9113139429E+00    0.9293343265E+00    0.1107363978E+00    0.0000000000E+00    0.8570892581E+00    0.3184337190E+01    0.1471152127E+00    0.2361153243E+01
        45    0.9486614488E+00    0.9728838703E+00    0.1194703858E+00    0.7465078001E-01    0.1025153487E+01    0.3536758369E+00    0.2271400443E+00    0.2921708341E+01
        46    0.8486539436E+00    0.8621733105E+00    0.3502494459E-01    0.1403603322E+00    0.3592243932E+00    0.1574730892E+01    0.6280094483E-01    0.2408353650E+01
        47    0.6776252254E+00    0.6829876600E+00    0.2362297847E+00    0.3141874289E+00    0.3641206997E+00    0.2944233432E+01    0.0000000000E+00    0.1100027754E+02
        48    0.9516741721E+00    0.9492121276E+00    0.0000000000E+00    0.3136895968E-01    0.1101482413E+01    0.1394196167E+00    0.1728412189E+00    0.3613857234E+02
        49    0.9247413468E+00    0.9278286953E+00    0.2798491377E-01    0.1360199909E+00    0.1361843205E+01    0.1767827004E+01    0.0000000000E+00    0.3490052765E+01
        50    0.9361189295E+00    0.9594952628E+00    0.7416617928E-01    0.7025672757E-01    0.9275605450E+00    0.1657718954E+01    0.1905000868E+00    0.1133094235E+01
        51    0.4204910594E+00    0.4262394908E+00    0.5815127169E+00    0.6780117713E+00    0.2209207685E+00    0.3301816680E+01    0.0000000000E+00    0.1254730500E+02
        52    0.8773503641E+00    0.8544559576E+00    0.7948611545E-01    0.8690315404E-01    0.1598381966E+01    0.5576784668E+00    0.2260393405E-01    0.5511114742E+02
        53    0.5011887913E+00    0.5618985571E+00    0.5481760915E+00    0.3810035156E+00    0.4183827021E+00    0.3428783849E+01    0.3387110703E-01    0.1068163315E+02
        54    0.8986310948E+00    0.9037789041E+00    0.2452605117E-01    0.6861595090E-01    0.5836103421E+00    0.0000000000E+00    0.0000000000E+00    0.3950640284E+01
        55    0.9424559028E+00    0.9104130631E+00    0.9350215081E-03    0.8284269953E-01    0.1280274710E+01    0.4665079808E+01    0.0000000000E+00    0.4910819874E+01
        56    0.8499727646E+00    0.8824878641E+00    0.2470903988E-01    0.1518229868E+00    0.5439654821E+00    0.0000000000E+00    0.0000000000E+00    0.0000000000E+00
        57    0.9104458988E+00    0.9009904891E+00    0.6834786601E-01    0.1239007128E+00    0.1152542054E+01    0.7409824637E+01    0.2065751607E+00    0.1346251165E+01
        58    0.3214587075E+00    0.3577932367E+00    0.8353214486E+00    0.7038160262E+00    0.3867159255E+00    0.2671008684E+01    0.1036284532E+00    0.2350427320E+02
        59    0.8391003218E+00    0.8748667066E+00    0.0000000000E+00    0.5077622727E-01    0.0000000000E+00    0.0000000000E+00    0.3412813391E-01    0.5714152337E+01
        60    0.9416069557E+00    0.9420152958E+00    0.6589013839E-02    0.8343600950E-01    0.1226421962E+01    0.1519710934E+01    0.0000000000E+00    0.4134377361E+01
        61    0.7517277088E+00    0.7515858259E+00    0.2380323216E+00    0.1944334534E+00    0.1295825349E+01    0.1064598391E+02    0.1737790197E+00    0.1602580760E+02
        62    0.9385941983E+00    0.9392796542E+00    0.3627478131E-01    0.1618260382E+00    0.5493157464E+00    0.6322065373E+00    0.2639043542E+00    0.4098645786E+01
        63    0.1724954183E+00    0.1773626180E+00    0.1201767702E+01    0.1117305248E+01    0.2694831411E+00    0.8214400514E+00    0.2055415587E+00    0.6261079113E+01
        64    0.9445858481E+00    0.9733656694E+00    0.1944407907E-01    0.1439930431E-01    0.5300063104E+00    0.7433533037E+00    0.1890010183E+00    0.8891715876E+00
