     Index              y_true              y_pred        descriptor_1        descriptor_2
         1    0.5620975413E+00    0.5497826790E+00    0.4222974961E+00    0.1999792164E+00
         2    0.9056956227E+00    0.9560838887E+00    0.8422406172E-01    0.1307939387E-01
         3    0.8083895889E+00    0.8488458056E+00    0.1105544842E+00    0.9699541227E-01
         4    0.6421772092E+00    0.6556692767E+00    0.4740260798E+00    0.7438159819E-01
         5    0.8715765295E+00    0.8745906436E+00    0.8422406172E-01    0.8785184587E-01
         6    0.9273109443E+00    0.9248217332E+00    0.1551454964E+00    0.2766389059E-02
         7    0.8411585334E+00    0.8346534389E+00    0.2998640514E+00    0.5923320046E-02
         8    0.5722428313E+00    0.4841766247E+00    0.6988456126E+00    0.1081115935E+00
         9    0.8977355555E+00    0.7906985858E+00    0.2957190511E+00    0.4853236739E-01
        10    0.8885626648E+00    0.9304141507E+00    0.1126730419E+00    0.2098914084E-01
        11    0.9638748556E+00    0.9117346465E+00    0.1820144108E+00    0.0000000000E+00
        12    0.9004739847E+00    0.9512786300E+00    0.9765989717E-01    0.1010051415E-01
        13    0.8820174454E+00    0.8663907713E+00    0.2439417970E+00    0.7552867074E-02
        14    0.0000000000E+00   -0.2267375013E-01    0.1529073299E+01    0.1166516541E+00
        15    0.9329952116E+00    0.9209683940E+00    0.1645589588E+00    0.1125842530E-02
        16    0.3678890187E+00    0.4506026698E+00    0.8363044905E+00    0.6333336701E-01
        17    0.9326370362E+00    0.8949429528E+00    0.1022121184E+00    0.5928706653E-01
        18    0.3808895345E+00    0.4991654657E+00    0.7418731192E+00    0.7069972934E-01
        19    0.8858116192E+00    0.8097543487E+00    0.2062005422E+00    0.8027090836E-01
        20    0.9503799200E+00    0.8569736819E+00    0.2401033443E+00    0.1830394049E-01
        21    0.1000000000E+01    0.9457439730E+00    0.1252645396E+00    0.0000000000E+00
        22    0.8041988804E+00    0.8567481181E+00    0.2384444061E+00    0.1942308785E-01
        23    0.9599253399E+00    0.9743180891E+00    0.7117619570E-01    0.3523494695E-02
        24    0.8860835526E+00    0.8196889507E+00    0.2375382264E+00    0.5392423835E-01
        25    0.8800707844E+00    0.9050890661E+00    0.1795060184E+00    0.7476783655E-02
        26    0.7612853032E+00    0.8103252229E+00    0.2169031034E+00    0.7386219017E-01
        27    0.7490875382E+00    0.6314547746E+00    0.5861913335E+00    0.3492378360E-01
        28    0.2067819687E+00    0.2430519990E+00    0.1233603852E+01    0.3530767177E-01
        29    0.8915807882E+00    0.8317443039E+00    0.2361758166E+00    0.4361223330E-01
        30    0.7972610103E+00    0.8554959641E+00    0.7913515060E-01    0.1081699720E+00
        31    0.8889550579E+00    0.9214359353E+00    0.4051298922E-01    0.6890493894E-01
        32    0.9261229879E+00    0.9045741324E+00    0.1175415295E+00    0.4202112552E-01
        33    0.3316379064E+00    0.2852227916E+00    0.1220129697E+01    0.4023644290E-02
        34    0.8311076578E+00    0.9388853850E+00    0.1325982088E+00    0.2260455549E-02
        35    0.9073853840E+00    0.9402267884E+00    0.1173678872E+00    0.9404242978E-02
        36    0.9957689999E+00    0.9651906257E+00    0.8807086833E-01    0.2608484387E-02
        37    0.9054611350E+00    0.8542692629E+00    0.1905401141E+00    0.4803822723E-01
        38    0.5933326094E-01    0.7420940653E-01    0.1426087274E+01    0.8438653561E-01
        39    0.2972330726E+00    0.2911337415E+00    0.8769240283E+00    0.1873156923E+00
        40    0.8257655273E+00    0.9286938160E+00    0.5430600097E-01    0.5466137615E-01
        41    0.8649058980E+00    0.8895454127E+00    0.9568361138E-01    0.6782924192E-01
        42    0.7949602519E+00    0.7827084641E+00    0.8543920738E-01    0.1714882896E+00
        43    0.4211675824E+00    0.4293342703E+00    0.8397693787E+00    0.8094254194E-01
        44    0.9113139429E+00    0.9337878746E+00    0.1448633216E+00    0.1934603992E-03
        45    0.9486614488E+00    0.9411868591E+00    0.9170883474E-01    0.2263227010E-01
        46    0.8486539436E+00    0.9089403082E+00    0.6825792279E-01    0.6511417921E-01
        47    0.6776252254E+00    0.6613176572E+00    0.3938689188E+00    0.1132743643E+00
        48    0.9516741721E+00    0.8860584831E+00    0.2119596847E+00    0.7092888511E-02
        49    0.9247413468E+00    0.8559442991E+00    0.1652644704E+00    0.6039943076E-01
        50    0.9361189295E+00    0.9399435942E+00    0.1112314815E+00    0.1303825413E-01
        51    0.4204910594E+00    0.4946704124E+00    0.7151227648E+00    0.8953305799E-01
        52    0.8773503641E+00    0.8108343648E+00    0.2805713342E+00    0.3838634064E-01
        53    0.5011887913E+00    0.5174888499E+00    0.5187955173E+00    0.1765492272E+00
        54    0.8986310948E+00    0.8693885589E+00    0.2100671888E+00    0.2342864508E-01
        55    0.9424559028E+00    0.9278245369E+00    0.9054341812E-01    0.3553341166E-01
        56    0.8499727646E+00    0.7958085897E+00    0.2464111924E+00    0.7095627206E-01
        57    0.9104458988E+00    0.9622687391E+00    0.9273419871E-01    0.2725216363E-02
        58    0.3214587075E+00    0.3597253397E+00    0.1009190034E+01    0.5165292202E-01
        59    0.8391003218E+00    0.9365979917E+00    0.1064633004E+00    0.1872978125E-01
        60    0.9416069557E+00    0.8887075549E+00    0.1540133646E+00    0.3652472663E-01
        61    0.7517277088E+00    0.8046400926E+00    0.3036607336E+00    0.3137380039E-01
        62    0.9385941983E+00    0.9035337126E+00    0.1357984103E+00    0.3293698899E-01
        63    0.1724954183E+00    0.1758294897E+00    0.1335319190E+01    0.4105697448E-01
        64    0.9445858481E+00    0.9664271383E+00    0.9075144906E-01    0.0000000000E+00
