     Index       y_measurement           y_fitting        descriptor_1        descriptor_2        descriptor_3        descriptor_4        descriptor_5        descriptor_6        descriptor_7
         1    0.5159430722E+00    0.5028222467E+00    0.3182247033E+01    0.8160750087E+00   -0.4872511329E+00    0.3243692580E+00    0.0000000000E+00   -0.9627641072E-03   -0.3016540118E+01
         2    0.2888610547E+00    0.2832540220E+00    0.3717814718E+01    0.4572457864E+00    0.6590326640E-01    0.9052201100E-02    0.7577932077E-01   -0.3714374298E-01   -0.2125760947E+00
         3    0.3082002436E+00    0.3182877197E+00    0.3662395425E+01    0.4843879361E+00    0.3552763222E+00    0.3418536586E+00    0.3223580120E+02   -0.2652419722E-02   -0.2205153167E+00
         4    0.8680108400E+00    0.8726692099E+00    0.1962608954E+01    0.3605505915E+00    0.7580036997E-01    0.1253582203E+00    0.2600001208E+02   -0.2621014209E-02   -0.1977783501E+00
         5    0.4189922652E+00    0.4199142104E+00    0.3010722183E+01    0.1843013220E+00   -0.1238745711E+00    0.3109610199E+00    0.9951275905E+02    0.3375662842E-03    0.1120324863E+01
         6    0.4560621929E+00    0.4583339840E+00    0.3395209445E+01    0.4140073465E+00    0.1369507436E+00    0.1415575573E-01    0.1590355358E+01    0.1550427983E-02    0.1513043473E+01
         7    0.8285383435E+00    0.8284858449E+00    0.2369901382E+01    0.1022090637E+01   -0.1570461082E-01    0.2044293775E+00    0.0000000000E+00   -0.2073454314E-01    0.4703645653E+00
         8    0.4913944330E+00    0.4716224567E+00    0.3237033954E+01    0.7156866335E+00   -0.2218238770E-01    0.6419587090E+00   -0.2465084772E+01    0.1850511072E-02   -0.1998272553E+00
         9    0.6146653346E+00    0.6249853598E+00    0.2991656037E+01    0.7979769842E+00    0.0000000000E+00    0.1945088970E-01   -0.4385659577E+00   -0.9793965624E-02   -0.2384822657E+00
        10    0.6079470275E+00    0.6089405815E+00    0.3027151755E+01    0.8682984398E+00    0.0000000000E+00    0.4893117361E+00    0.3024799379E+00    0.2194881749E-01   -0.3299303465E+01
        11    0.4561298958E+00    0.4795499648E+00    0.3221563884E+01    0.7767345476E+00    0.0000000000E+00    0.7242225330E+00   -0.7959914138E+01    0.1374638399E-02   -0.6631083335E+00
        12    0.3248394984E-01    0.3674082909E-01    0.4357219939E+01    0.3488692206E+00   -0.7525277705E+00    0.1198771177E+00    0.4341905837E-02    0.0000000000E+00   -0.5301220036E+01
        13    0.9660473033E-01    0.9308993668E-01    0.4257701849E+01    0.4330738794E+00   -0.9257869121E+00    0.1396091602E+00    0.6918587807E-02    0.0000000000E+00    0.1515847901E+00
        14    0.0000000000E+00   -0.8889831949E-02    0.4523034286E+01    0.2196160463E+00   -0.6539859282E+00    0.2282869845E+00    0.2351799104E-02    0.0000000000E+00    0.4854641692E+01
        15    0.7259475889E-01    0.8423155286E-01    0.3884893324E+01    0.6037539946E-01   -0.6229013836E+00    0.7288358196E+00   -0.1245248602E-01    0.0000000000E+00   -0.2320686431E+01
        16    0.1000000000E+01    0.9999201850E+00    0.1711150092E+01    0.5694269375E+00   -0.6807652344E-01    0.1581731132E+00   -0.6653518349E+00    0.0000000000E+00   -0.9833153059E+00
        17    0.2151349396E+00    0.2442285116E+00    0.3887884991E+01    0.7202000753E+00   -0.3820471052E+00    0.6001527165E+00    0.0000000000E+00    0.0000000000E+00    0.1565179122E+01
        18    0.3805717748E+00    0.3850224392E+00    0.3399103147E+01    0.4009276418E+00   -0.2477100240E+00    0.2647477336E+00   -0.1227046813E+01    0.0000000000E+00   -0.2365583525E+01
        19    0.2133132035E+00    0.2257772316E+00    0.4394851803E+01    0.9716351167E+00    0.3349461762E+00    0.5577267220E-01    0.1401011871E+01    0.0000000000E+00    0.3984402273E+00
        20    0.7256073259E+00    0.7426453705E+00    0.2375323978E+01    0.6056537526E+00    0.6561487061E-01    0.6037399890E+00    0.1668366858E+01    0.0000000000E+00    0.4175792168E+00
        21    0.6716992257E-01    0.7163577167E-01    0.4439039295E+01    0.5509320705E+00   -0.5371732006E+00    0.2769595720E-01    0.3034564761E+00    0.0000000000E+00   -0.4641852405E+01
        22    0.1803989641E+00    0.1973624521E+00    0.4072437163E+01    0.7608495808E+00   -0.7758924837E+00    0.3464763359E+00    0.2130394192E+01    0.0000000000E+00    0.1344562017E+01
        23    0.7529198835E-01    0.9453139250E-01    0.4127659230E+01    0.2961344315E+00   -0.1011928332E+01    0.1559124833E+00    0.1385851002E+00    0.0000000000E+00   -0.2485458389E+01
        24    0.3525738643E+00    0.3313621238E+00    0.3739854852E+01    0.5693650555E+00   -0.1778753105E-01    0.2488873039E+00   -0.1072911701E+01    0.0000000000E+00    0.1210702780E+01
        25    0.7736433374E-01    0.9219632263E-01    0.4440452748E+01    0.5719156619E+00   -0.1347482003E+00    0.2186691940E+00    0.1106016945E+01    0.0000000000E+00    0.1509835758E+00
        26    0.1499367398E+00    0.1252164595E+00    0.4327752260E+01    0.6518618905E+00   -0.4845027286E-03    0.3957587242E+00    0.3793577775E+01    0.0000000000E+00   -0.2815666327E+00
        27    0.1047338901E+00    0.9916509021E-01    0.4298791638E+01    0.7448556698E+00    0.2768146126E-01    0.1830050387E+00    0.9874714049E+02    0.0000000000E+00   -0.3790343629E+01
        28    0.4347856454E+00    0.4517194381E+00    0.3367393596E+01    0.7887860071E+00    0.4847906656E-01    0.5959191104E+00    0.1593561081E-01    0.0000000000E+00    0.1162577679E+01
        29    0.3037017519E+00    0.3337533252E+00    0.3580964915E+01    0.7177534864E+00   -0.2460396802E+00    0.7499034916E+00    0.2287740163E+00    0.0000000000E+00    0.1551049990E+01
        30    0.1782511074E+00    0.1696705003E+00    0.4006268651E+01    0.4033862291E+00   -0.2219238740E+00    0.4620727801E+00    0.5651328029E+00    0.0000000000E+00   -0.4539699383E-01
        31    0.2841208036E-01    0.1979984318E-01    0.4661334167E+01    0.5920486133E+00    0.5538575974E+00    0.5638144285E+00   -0.5848788388E+00    0.0000000000E+00    0.0000000000E+00
        32    0.4362617954E+00    0.4768620235E+00    0.3378165104E+01    0.8613893097E+00    0.1416082791E+00    0.5110153901E+00    0.9067324383E-02    0.0000000000E+00    0.1127703724E+01
        33    0.8201409387E+00    0.8108085919E+00    0.2409421347E+01    0.1183927024E+01   -0.4591585957E+00    0.5425275071E+00    0.2523113599E+00    0.7556279330E-03    0.6288657492E-02
        34    0.5352530737E+00    0.5403935471E+00    0.2851291498E+01    0.2747978412E+00   -0.4444783448E+00    0.1984989440E+00    0.4100676533E+01    0.5461580480E-04   -0.1460165159E+01
        35    0.7018101304E-01    0.6705449822E-01    0.4303154410E+01    0.2112925910E+00   -0.3349814699E+00    0.1541494270E+00   -0.5195324728E+01   -0.7381220978E-03   -0.1616147302E+01
        36    0.3414526589E+00    0.3516377197E+00    0.3739662457E+01    0.6685746678E+00    0.1649361359E+00    0.2775914147E+00    0.2762562194E+01   -0.3392598343E-03    0.9940585409E+00
        37    0.9312645901E+00    0.9298403757E+00    0.2001938319E+01    0.5877932732E+00    0.2849830388E-01    0.1956229252E+00    0.2409851917E+01   -0.3341817984E-03    0.5276802712E+01
        38    0.4728591681E+00    0.4532081007E+00    0.3449216518E+01    0.4369885635E+00    0.3889161111E+00    0.8201864830E-02    0.4084235137E+00    0.2224447287E-04    0.2695790627E+00
        39    0.4883533238E+00    0.4844191255E+00    0.3318637488E+01    0.2456336964E+00    0.8494543678E+00    0.4861413990E-01   -0.2358434381E+01   -0.2623872518E-03   -0.6412382413E-01
        40    0.4459683542E+00    0.4373176733E+00    0.3491046088E+01    0.5159761667E+00    0.2019492522E+00    0.2346949280E-01    0.2801368376E-01   -0.1470210211E-02    0.4566391434E-01
        41    0.2484827972E+00    0.2414933191E+00    0.3564979322E+01    0.3717253120E+00   -0.1458299486E+01    0.4674889511E+00   -0.3257413077E+01   -0.1980042460E-03    0.4065760801E+00
        42    0.5425239005E+00    0.5117381683E+00    0.3074806185E+01    0.6337803153E+00    0.2830220801E-01    0.6740008348E+00    0.2807663349E+01    0.4829370387E-02   -0.3659044596E-01
        43    0.6321878713E+00    0.6210909958E+00    0.3148899859E+01    0.1001010124E+01    0.0000000000E+00    0.4275765244E+00    0.7540275223E+00    0.2728260287E-01   -0.1491419408E+00
        44    0.4664079795E+00    0.4498015342E+00    0.3090089277E+01    0.3440148759E+00   -0.1697794876E+00    0.6394219081E+00    0.7486792344E+01    0.7309277723E-02   -0.4466161215E-01
        45    0.4419305865E+00    0.4416404637E+00    0.3345278004E+01    0.2272763472E+00    0.3430755963E+00    0.5062994330E+00   -0.1091487432E+03   -0.5901487484E-02   -0.2348613370E+01
        46    0.6474659791E+00    0.6425552508E+00    0.2734968462E+01    0.7892363846E+00   -0.1255854227E+00    0.6608911069E+00   -0.5192137939E+01    0.1864518082E-02   -0.4703400002E+00
        47    0.5348033942E+00    0.5230355075E+00    0.3082775813E+01    0.6403331432E+00    0.3256831073E+00    0.3421265997E+00    0.5716813482E+02    0.3325646914E-02   -0.1451627372E+01
        48    0.5957479450E+00    0.5843250019E+00    0.3140522105E+01    0.7638327688E+00    0.1669936690E+00    0.5145733439E+00   -0.8607633278E+01   -0.1418892285E-03    0.1121203724E+02
        49    0.5384657158E+00    0.5660335176E+00    0.3080190245E+01    0.6189418814E+00    0.3549694986E+00    0.3146727419E+00   -0.7390098626E+00    0.4074607774E-02   -0.1763764672E+01
        50    0.9260201196E+00    0.9197102477E+00    0.2087251768E+01    0.1136369045E+01    0.0000000000E+00    0.6186580029E+00    0.0000000000E+00   -0.2759699062E-02    0.0000000000E+00
        51    0.7361050872E+00    0.7353566966E+00    0.2775583740E+01    0.1163167922E+01    0.0000000000E+00    0.6747900866E+00   -0.6925986304E+00    0.2568749137E-01   -0.1249069014E+01
        52    0.6016079643E+00    0.5967169877E+00    0.3011066033E+01    0.6720130495E+00    0.0000000000E+00    0.3115948820E+00    0.3047604464E+01    0.1658345073E-01   -0.1842000686E+01
        53    0.4231124190E+00    0.4346827037E+00    0.3437538087E+01    0.6564576188E+00    0.6479794860E+00    0.6097399649E+00    0.0000000000E+00    0.8026515777E-04    0.1857354526E+00
        54    0.2707455820E+00    0.2390126312E+00    0.3497911455E+01    0.3004788003E+00   -0.8810294914E+00    0.7139035880E+00    0.1923871244E+02    0.1331054588E-03    0.6107066250E+00
        55    0.2959813214E+00    0.3283617612E+00    0.3369010208E+01    0.3886675974E+00   -0.2766622818E+00    0.7438590936E+00    0.1698522710E+02    0.8627462029E-03   -0.6716373682E-01
        56    0.3819403009E+00    0.3876810849E+00    0.3488145710E+01    0.9937705112E-01    0.5835772569E+00    0.4689981538E+00   -0.7570239723E+02    0.2496916489E-03    0.1463934370E+00
        57    0.2728894142E+00    0.2589008190E+00    0.3251141306E+01    0.1548971281E+00   -0.2289836156E+01    0.6508124681E+00   -0.3407610305E+02    0.5404374741E-04    0.6902827699E+00
        58    0.4760976244E+00    0.4633327853E+00    0.3184919504E+01    0.4029700435E+00    0.2076114653E+00    0.4265312801E+00   -0.2452500325E+01    0.5288228374E-03   -0.2462650441E+01
        59    0.5238503831E+00    0.4837561909E+00    0.3263545585E+01    0.6666631315E+00    0.5484843597E+00    0.6538738496E+00   -0.2856079709E+01    0.4026133133E-03   -0.1522342775E+00
        60    0.3957885232E-01    0.2869697880E-01    0.4089346578E+01    0.2262976663E+00   -0.7353294604E+00    0.4668007620E+00    0.8690316386E-02   -0.1448372100E-03   -0.1345651417E+02
        61    0.7654246581E-02    0.2536657738E-01    0.4212416497E+01    0.9783099248E-01   -0.8830341769E+00    0.3882843959E+00    0.6517296104E-02   -0.1511777935E-03    0.1499177541E+01
        62    0.2465742021E+00    0.2421345154E+00    0.3849782108E+01    0.5082530811E+00   -0.2053193708E+00    0.4636654266E+00    0.0000000000E+00   -0.5069024640E-04    0.3187196129E+00
        63    0.3922205405E+00    0.4081175587E+00    0.3244096485E+01    0.1409781007E+00   -0.2591952531E+00    0.2859008947E+00   -0.2204702063E+02    0.0000000000E+00   -0.7616026626E+00
        64    0.7214257889E+00    0.7427695776E+00    0.2354157721E+01    0.3953859923E+00    0.7319806677E-01    0.3356801051E+00    0.3816486267E+01   -0.1890609322E-03   -0.2030161178E+00
        65    0.3546175074E+00    0.3709801466E+00    0.3612868752E+01    0.2906978707E+00   -0.1398600975E+00    0.3544519890E-01    0.3289961220E+01   -0.2042643433E-05    0.8838722151E+01
        66    0.3151681388E+00    0.3248219266E+00    0.3780759996E+01    0.8109256133E+00    0.2094316181E+00    0.4715655054E+00    0.2497905317E+01   -0.1010520007E-03   -0.3337177581E+01
        67    0.1206344592E-01   -0.8536625694E-02    0.4377073397E+01    0.1818649165E+00   -0.2240485789E+00    0.5956425044E+00    0.1472240493E-01   -0.8713699619E-04   -0.1448403867E+00
        68    0.5978225850E-01    0.5627614969E-01    0.4286785475E+01    0.2727640524E+00   -0.1814254441E+00    0.4737691532E+00    0.1906323505E-01   -0.8197099126E-04    0.1791050562E+00
        69    0.4867334080E+00    0.4601615086E+00    0.3324468763E+01    0.5762387312E+00    0.6708371892E-01    0.3308436832E+00    0.1893339086E-01   -0.3937084753E-03    0.5756226368E+00
        70    0.3741848874E+00    0.3524824254E+00    0.3526726349E+01    0.5129876426E+00   -0.1444771026E+00    0.4746402218E+00    0.2255850412E+00   -0.9220121464E-04    0.6004491566E+00
        71    0.4886927610E+00    0.4841639814E+00    0.3336919579E+01    0.6480279794E+00    0.1545393622E+00    0.2470057638E+00    0.1118777867E-01   -0.4280271406E-03    0.5607054345E+00
        72    0.4225904075E+00    0.4172837083E+00    0.3476441826E+01    0.4960824929E+00    0.8110015632E-01    0.1286289617E+00    0.4289676417E-01    0.0000000000E+00   -0.8871152529E+00
        73    0.8344923771E+00    0.8313939276E+00    0.2342639798E+01    0.1011665562E+01   -0.3590678817E+00    0.4470059103E+00    0.3721737502E+01    0.7637731346E-02    0.3667260016E+00
        74    0.5607034825E+00    0.5431136672E+00    0.3093111115E+01    0.5913107441E+00    0.0000000000E+00    0.4999362970E-01   -0.3486883112E-01   -0.1478911966E-01   -0.8366640993E-01
        75    0.4839517022E+00    0.4758859258E+00    0.3171490175E+01    0.8631054522E+00   -0.4152103832E-01    0.1048348283E+01    0.6574780417E+01    0.2056897126E-03    0.4513273673E+01
        76    0.4261450161E+00    0.4246320986E+00    0.3185311056E+01    0.4024835737E+00    0.4337735537E-01    0.2721610498E+00   -0.3386721523E+00   -0.3148558055E-01   -0.2647901839E+00
        77    0.4321106709E+00    0.4674068920E+00    0.3050965886E+01    0.6069265193E+00   -0.3571296126E-01    0.7214252182E+00    0.2546394511E+02    0.0000000000E+00   -0.3495628573E+01
        78    0.3435818346E+00    0.3535668916E+00    0.3435606631E+01    0.4832841076E-01   -0.3875725198E+00    0.2272767380E-01   -0.4200219207E+00    0.0000000000E+00    0.2884035759E+01
        79    0.4776085073E+00    0.4882804793E+00    0.2963485702E+01    0.2869999220E+00    0.1120860620E-01    0.7544540585E+00    0.4081316150E+01    0.1552238618E-01   -0.1548715617E+01
        80    0.5757396914E+00    0.5695865243E+00    0.2772658989E+01    0.4443242665E+00    0.0000000000E+00    0.6663094163E+00    0.4304705765E-01   -0.2733502614E-02    0.8046577438E+00
