     Index       y_measurement           y_fitting        descriptor_1        descriptor_2        descriptor_3
         1    0.5159430722E+00    0.4972935314E+00    0.3182247033E+01    0.8160750087E+00   -0.4872511329E+00
         2    0.2888610547E+00    0.3029318008E+00    0.3717814718E+01    0.4572457864E+00    0.6590326640E-01
         3    0.3082002436E+00    0.3447349626E+00    0.3662395425E+01    0.4843879361E+00    0.3552763222E+00
         4    0.8680108400E+00    0.8642475689E+00    0.1962608954E+01    0.3605505915E+00    0.7580036997E-01
         5    0.4189922652E+00    0.4796815047E+00    0.3010722183E+01    0.1843013220E+00   -0.1238745711E+00
         6    0.4560621929E+00    0.4067838191E+00    0.3395209445E+01    0.4140073465E+00    0.1369507436E+00
         7    0.8285383435E+00    0.8273911069E+00    0.2369901382E+01    0.1022090637E+01   -0.1570461082E-01
         8    0.4913944330E+00    0.4949020875E+00    0.3237033954E+01    0.7156866335E+00   -0.2218238770E-01
         9    0.6146653346E+00    0.5896667617E+00    0.2991656037E+01    0.7979769842E+00    0.0000000000E+00
        10    0.6079470275E+00    0.5889593227E+00    0.3027151755E+01    0.8682984398E+00    0.0000000000E+00
        11    0.4561298958E+00    0.5109564309E+00    0.3221563884E+01    0.7767345476E+00    0.0000000000E+00
        12    0.3248394984E-01    0.2147677823E-01    0.4357219939E+01    0.3488692206E+00   -0.7525277705E+00
        13    0.9660473033E-01    0.5559216465E-01    0.4257701849E+01    0.4330738794E+00   -0.9257869121E+00
        14    0.0000000000E+00   -0.4639857739E-01    0.4523034286E+01    0.2196160463E+00   -0.6539859282E+00
        15    0.7259475889E-01    0.1402276801E+00    0.3884893324E+01    0.6037539946E-01   -0.6229013836E+00
        16    0.1000000000E+01    0.9695542847E+00    0.1711150092E+01    0.5694269375E+00   -0.6807652344E-01
        17    0.2151349396E+00    0.2579990568E+00    0.3887884991E+01    0.7202000753E+00   -0.3820471052E+00
        18    0.3805717748E+00    0.3776770201E+00    0.3399103147E+01    0.4009276418E+00   -0.2477100240E+00
        19    0.2133132035E+00    0.1788994648E+00    0.4394851803E+01    0.9716351167E+00    0.3349461762E+00
        20    0.7256073259E+00    0.7663113571E+00    0.2375323978E+01    0.6056537526E+00    0.6561487061E-01
        21    0.6716992257E-01    0.4050302605E-01    0.4439039295E+01    0.5509320705E+00   -0.5371732006E+00
        22    0.1803989641E+00    0.1773770882E+00    0.4072437163E+01    0.7608495808E+00   -0.7758924837E+00
        23    0.7529198835E-01    0.7117428962E-01    0.4127659230E+01    0.2961344315E+00   -0.1011928332E+01
        24    0.3525738643E+00    0.3075246529E+00    0.3739854852E+01    0.5693650555E+00   -0.1778753105E-01
        25    0.7736433374E-01    0.7028945924E-01    0.4440452748E+01    0.5719156619E+00   -0.1347482003E+00
        26    0.1499367398E+00    0.1286892382E+00    0.4327752260E+01    0.6518618905E+00   -0.4845027286E-03
        27    0.1047338901E+00    0.1545370769E+00    0.4298791638E+01    0.7448556698E+00    0.2768146126E-01
        28    0.4347856454E+00    0.4682509504E+00    0.3367393596E+01    0.7887860071E+00    0.4847906656E-01
        29    0.3037017519E+00    0.3674058065E+00    0.3580964915E+01    0.7177534864E+00   -0.2460396802E+00
        30    0.1782511074E+00    0.1806450859E+00    0.4006268651E+01    0.4033862291E+00   -0.2219238740E+00
        31    0.2841208036E-01    0.4715224446E-01    0.4661334167E+01    0.5920486133E+00    0.5538575974E+00
        32    0.4362617954E+00    0.4822529627E+00    0.3378165104E+01    0.8613893097E+00    0.1416082791E+00
        33    0.8201409387E+00    0.8098554292E+00    0.2409421347E+01    0.1183927024E+01   -0.4591585957E+00
        34    0.5352530737E+00    0.5245447910E+00    0.2851291498E+01    0.2747978412E+00   -0.4444783448E+00
        35    0.7018101304E-01    0.4581814868E-01    0.4303154410E+01    0.2112925910E+00   -0.3349814699E+00
        36    0.3414526589E+00    0.3352682197E+00    0.3739662457E+01    0.6685746678E+00    0.1649361359E+00
        37    0.9312645901E+00    0.8835113416E+00    0.2001938319E+01    0.5877932732E+00    0.2849830388E-01
        38    0.4728591681E+00    0.4095407373E+00    0.3449216518E+01    0.4369885635E+00    0.3889161111E+00
        39    0.4883533238E+00    0.4534984345E+00    0.3318637488E+01    0.2456336964E+00    0.8494543678E+00
        40    0.4459683542E+00    0.3955651804E+00    0.3491046088E+01    0.5159761667E+00    0.2019492522E+00
        41    0.2484827972E+00    0.2375469034E+00    0.3564979322E+01    0.3717253120E+00   -0.1458299486E+01
        42    0.5425239005E+00    0.5387603755E+00    0.3074806185E+01    0.6337803153E+00    0.2830220801E-01
        43    0.6321878713E+00    0.5696635454E+00    0.3148899859E+01    0.1001010124E+01    0.0000000000E+00
        44    0.4664079795E+00    0.4754064838E+00    0.3090089277E+01    0.3440148759E+00   -0.1697794876E+00
        45    0.4419305865E+00    0.4079477092E+00    0.3345278004E+01    0.2272763472E+00    0.3430755963E+00
        46    0.6474659791E+00    0.6640763549E+00    0.2734968462E+01    0.7892363846E+00   -0.1255854227E+00
        47    0.5348033942E+00    0.5571081241E+00    0.3082775813E+01    0.6403331432E+00    0.3256831073E+00
        48    0.5957479450E+00    0.5467298572E+00    0.3140522105E+01    0.7638327688E+00    0.1669936690E+00
        49    0.5384657158E+00    0.5565938732E+00    0.3080190245E+01    0.6189418814E+00    0.3549694986E+00
        50    0.9260201196E+00    0.9389201119E+00    0.2087251768E+01    0.1136369045E+01    0.0000000000E+00
        51    0.7361050872E+00    0.7173220679E+00    0.2775583740E+01    0.1163167922E+01    0.0000000000E+00
        52    0.6016079643E+00    0.5637135153E+00    0.3011066033E+01    0.6720130495E+00    0.0000000000E+00
        53    0.4231124190E+00    0.4648709914E+00    0.3437538087E+01    0.6564576188E+00    0.6479794860E+00
        54    0.2707455820E+00    0.2871782950E+00    0.3497911455E+01    0.3004788003E+00   -0.8810294914E+00
        55    0.2959813214E+00    0.3836991936E+00    0.3369010208E+01    0.3886675974E+00   -0.2766622818E+00
        56    0.3819403009E+00    0.3573291306E+00    0.3488145710E+01    0.9937705112E-01    0.5835772569E+00
        57    0.2728894142E+00    0.2510022362E+00    0.3251141306E+01    0.1548971281E+00   -0.2289836156E+01
        58    0.4760976244E+00    0.4787789020E+00    0.3184919504E+01    0.4029700435E+00    0.2076114653E+00
        59    0.5238503831E+00    0.5168532350E+00    0.3263545585E+01    0.6666631315E+00    0.5484843597E+00
        60    0.3957885232E-01    0.9143010303E-01    0.4089346578E+01    0.2262976663E+00   -0.7353294604E+00
        61    0.7654246581E-02    0.2118312189E-01    0.4212416497E+01    0.9783099248E-01   -0.8830341769E+00
        62    0.2465742021E+00    0.2493908971E+00    0.3849782108E+01    0.5082530811E+00   -0.2053193708E+00
        63    0.3922205405E+00    0.3873259419E+00    0.3244096485E+01    0.1409781007E+00   -0.2591952531E+00
        64    0.7214257889E+00    0.7410662341E+00    0.2354157721E+01    0.3953859923E+00    0.7319806677E-01
        65    0.3546175074E+00    0.2976564787E+00    0.3612868752E+01    0.2906978707E+00   -0.1398600975E+00
        66    0.3151681388E+00    0.3469077246E+00    0.3780759996E+01    0.8109256133E+00    0.2094316181E+00
        67    0.1206344592E-01    0.2443694537E-01    0.4377073397E+01    0.1818649165E+00   -0.2240485789E+00
        68    0.5978225850E-01    0.7104325867E-01    0.4286785475E+01    0.2727640524E+00   -0.1814254441E+00
        69    0.4867334080E+00    0.4505270528E+00    0.3324468763E+01    0.5762387312E+00    0.6708371892E-01
        70    0.3741848874E+00    0.3601659418E+00    0.3526726349E+01    0.5129876426E+00   -0.1444771026E+00
        71    0.4886927610E+00    0.4634712111E+00    0.3336919579E+01    0.6480279794E+00    0.1545393622E+00
        72    0.4225904075E+00    0.3891575137E+00    0.3476441826E+01    0.4960824929E+00    0.8110015632E-01
        73    0.8344923771E+00    0.8116851437E+00    0.2342639798E+01    0.1011665562E+01   -0.3590678817E+00
        74    0.5607034825E+00    0.5242546989E+00    0.3093111115E+01    0.5913107441E+00    0.0000000000E+00
        75    0.4839517022E+00    0.5380259882E+00    0.3171490175E+01    0.8631054522E+00   -0.4152103832E-01
        76    0.4261450161E+00    0.4675610776E+00    0.3185311056E+01    0.4024835737E+00    0.4337735537E-01
        77    0.4321106709E+00    0.5381111068E+00    0.3050965886E+01    0.6069265193E+00   -0.3571296126E-01
        78    0.3435818346E+00    0.3014968818E+00    0.3435606631E+01    0.4832841076E-01   -0.3875725198E+00
        79    0.4776085073E+00    0.5202026976E+00    0.2963485702E+01    0.2869999220E+00    0.1120860620E-01
        80    0.5757396914E+00    0.6065034872E+00    0.2772658989E+01    0.4443242665E+00    0.0000000000E+00
