        Rank        RMSE       MaxAE  Feature_ID
           1    0.049012    0.133893  (       2       5     104)
           2    0.049057    0.129474  (       2       5      97)
           3    0.049458    0.128812  (       2       5      92)
           4    0.049907    0.135930  (       2       5     112)
           5    0.049932    0.132668  (       2       5      88)
           6    0.050005    0.128244  (       2       5      81)
           7    0.050181    0.136787  (       2       5      91)
           8    0.050202    0.134069  (      28      29      56)
           9    0.050332    0.138163  (       2       5      84)
          10    0.050502    0.151086  (       2       5      82)
          11    0.050517    0.128693  (       2       5     111)
          12    0.050536    0.133824  (       2       5     108)
          13    0.050653    0.140569  (       2       5      85)
          14    0.050671    0.139905  (       2       5      87)
          15    0.050694    0.143092  (       2       5      83)
          16    0.050734    0.140235  (       2       5      86)
          17    0.050802    0.135907  (       2       5      90)
          18    0.050872    0.142757  (       2       5     110)
          19    0.050921    0.110939  (       2       5      96)
          20    0.050949    0.141780  (       2       5     107)
          21    0.051001    0.145617  (       2       5      89)
          22    0.051024    0.147628  (       2       5     102)
          23    0.051107    0.141736  (       2       5     105)
          24    0.051114    0.138153  (       2       5     100)
          25    0.051136    0.146092  (       2       5     101)
          26    0.051205    0.148590  (       2       5      95)
          27    0.051260    0.131103  (       2       5     113)
          28    0.051282    0.138616  (       2       5      98)
          29    0.051439    0.146855  (       2       5      93)
          30    0.051467    0.140966  (       2       5     119)
          31    0.051528    0.145052  (       2       5     109)
          32    0.051667    0.143675  (       2       5      94)
          33    0.051749    0.146387  (       2       5     116)
          34    0.051760    0.143734  (       2       5     120)
          35    0.051808    0.137073  (       2       5      99)
          36    0.051862    0.138632  (       2       5     103)
          37    0.051958    0.141533  (       2       5     115)
          38    0.052146    0.142982  (       2       5     118)
          39    0.052169    0.133132  (       2       5     106)
          40    0.052434    0.118476  (       2       5     117)
          41    0.052525    0.135759  (       2       5     114)
          42    0.052824    0.126521  (       2       8      96)
          43    0.052866    0.155756  (       2       8      98)
          44    0.053602    0.140086  (       2      13      20)
          45    0.053726    0.108900  (       2       5      24)
          46    0.053823    0.161936  (       2       8      89)
          47    0.054079    0.132432  (       2       8     117)
          48    0.054121    0.138155  (       7      28      56)
          49    0.054156    0.147704  (      28      29      46)
          50    0.054204    0.145747  (       2       8     114)
          51    0.054397    0.146473  (       2      20      93)
          52    0.054434    0.136262  (      29      39      56)
          53    0.054455    0.146836  (       2      20     102)
          54    0.054584    0.142260  (       2      20      83)
          55    0.054631    0.148011  (       2       6     102)
          56    0.054643    0.164824  (       2      20      94)
          57    0.054645    0.146049  (       2      20     116)
          58    0.054747    0.152209  (       2       8      99)
          59    0.054781    0.140471  (      28      29      77)
          60    0.054797    0.141179  (       7      39      77)
          61    0.054803    0.150249  (       2       8     108)
          62    0.054819    0.157275  (       2       8     107)
          63    0.054880    0.118405  (       2       8      24)
          64    0.054939    0.144349  (       2      20     109)
          65    0.054962    0.141277  (       1       2      55)
          66    0.055013    0.158277  (       2       3      94)
          67    0.055020    0.140830  (       2      20      87)
          68    0.055043    0.148726  (       2      20      82)
          69    0.055133    0.144330  (       2      30      87)
          70    0.055155    0.125159  (       2      20      24)
          71    0.055225    0.150098  (       7      39      46)
          72    0.055254    0.158268  (       2       8      94)
          73    0.055283    0.137459  (       2       8      84)
          74    0.055289    0.134777  (       2      17      49)
          75    0.055300    0.138935  (       2      25     117)
          76    0.055313    0.147026  (       2       6      93)
          77    0.055343    0.148046  (      28      29      69)
          78    0.055350    0.146656  (       2      17      50)
          79    0.055418    0.152565  (       7      39      56)
          80    0.055425    0.131825  (      29      39      77)
          81    0.055446    0.138329  (       1       2      50)
          82    0.055505    0.146731  (      28      29      74)
          83    0.055522    0.159383  (       2       3     103)
          84    0.055547    0.152868  (       2      17      55)
          85    0.055582    0.148543  (       2       8      88)
          86    0.055596    0.133288  (       2      20     106)
          87    0.055611    0.148969  (       7      39      48)
          88    0.055675    0.146513  (       2       6     116)
          89    0.055692    0.156557  (       7      28      46)
          90    0.055693    0.161041  (       2      14      20)
          91    0.055739    0.140484  (       2       8      90)
          92    0.055755    0.149904  (       2      20     103)
          93    0.055755    0.143118  (       2       8      92)
          94    0.055795    0.151058  (       2      16      49)
          95    0.055808    0.122710  (       2      17      57)
          96    0.055822    0.139214  (       2       6     119)
          97    0.055825    0.146198  (       2      20      95)
          98    0.055840    0.155071  (       2       8      85)
          99    0.055883    0.144172  (       2       8      81)
         100    0.055929    0.154092  (       2       8      86)
