Model_ID, [(c_i,i=0,n)_j,j=1,ntask]
           1    0.4284190444E+00    0.2295478268E+00   -0.2967328329E+00   -0.1508849272E+00   -0.6530723336E-02   -0.7291369522E+01    0.1234103656E+00
           2    0.4362176150E+00    0.2229938323E+00   -0.2958753640E+00   -0.1122900534E+00   -0.7837209405E-02   -0.6109837604E+01    0.1354792915E+00
           3    0.4333772676E+00    0.2257659950E+00   -0.2986208844E+00   -0.1075677619E+00   -0.7316640642E-02   -0.6483835204E+01    0.1199879529E+00
           4    0.4305153204E+00    0.2280294017E+00   -0.2931236707E+00   -0.1544443728E+00   -0.6967932384E-02   -0.6944524279E+01    0.1323145525E+00
           5    0.3360163152E+00    0.2664365962E+00   -0.2548485334E+00   -0.9838327097E+00   -0.2056889810E-01    0.1188632153E+00    0.9008673811E-02
           6    0.4297673090E+00    0.2630893750E+00   -0.2901100686E+00   -0.1007187647E+01   -0.6026170904E-02   -0.5114677221E+01    0.1870672615E+00
           7    0.3475682547E+00    0.2641172300E+00   -0.2614055622E+00   -0.1001004281E+01   -0.2089934021E-01    0.1169965268E+00    0.3261815101E-02
           8    0.3981375404E+00    0.2696115646E+00   -0.2817085327E+00   -0.1161918846E+01   -0.1778714602E-01   -0.2498992759E-01    0.1543784979E+00
           9    0.3434265235E+00    0.2651747584E+00   -0.2588223872E+00   -0.9965060568E+00   -0.2084243181E-01    0.1175177784E+00    0.3789869032E-02
          10    0.3980908222E+00    0.2704631756E+00   -0.2553557762E+00   -0.9939441136E+00   -0.6119356436E-02    0.7191896958E-02   -0.2802036535E+01
          11    0.3307040026E+00    0.2691974531E+00   -0.2503150079E+00   -0.9873481414E+00   -0.2093183478E-01    0.1176974637E+00    0.8468389783E-02
          12    0.4210696101E+00    0.2307432781E+00   -0.2872645491E+00   -0.6114578958E+00   -0.7430370068E-02   -0.6597604006E+01    0.1525401693E+00
          13    0.3308217618E+00    0.2733158128E+00   -0.2515845925E+00   -0.9753927128E+00   -0.2023590801E-01    0.1127875536E+00    0.1311169152E-01
          14    0.4290154441E+00    0.2161574214E+00   -0.2913576478E+00    0.5007767923E+00   -0.5326849237E+01   -0.5591152821E-02    0.1473622983E+00
          15    0.4833927073E+00    0.2260838838E+00   -0.3183464712E+00   -0.1113577631E+01   -0.1000839502E-01   -0.1019115018E+01    0.5293338500E-01
          16    0.4048315781E+00    0.2431847504E+00   -0.2807971731E+00   -0.7180386077E-01   -0.7548179316E-02   -0.7204742462E+01    0.1361521702E+00
          17    0.4000447508E+00    0.2642479514E+00   -0.2529752399E+00   -0.1663186599E-01   -0.6074691843E-02    0.6981122825E-02   -0.2962902907E+01
          18    0.4491980669E+00    0.2479972673E+00   -0.3016298653E+00   -0.1219442695E+01   -0.1964427639E-01   -0.1263326125E+00    0.1063634438E-01
          19    0.3917138916E+00    0.2722089001E+00   -0.2683698827E+00   -0.1209782942E+01   -0.1814715108E-01    0.3522044847E+00   -0.2616160328E-01
          20    0.4183370846E+00    0.2334132765E+00   -0.2907477126E+00   -0.5830936114E+00   -0.6881227833E-02   -0.6996366013E+01    0.1356907618E+00
          21    0.3456786581E+00    0.2672632205E+00   -0.2613238112E+00   -0.9858259418E+00   -0.1947323088E-01    0.1124096934E+00    0.4527296125E-02
          22    0.3979240027E+00    0.2647199037E+00   -0.2552820384E+00   -0.1037848350E+01   -0.6268788234E-02    0.6698065653E-02   -0.2762957134E+01
          23    0.3471971339E+00    0.2641970865E+00   -0.2620131342E+00   -0.9922071024E+00   -0.1988105750E-01    0.1155571421E+00    0.3438327430E-02
          24    0.3433207666E+00    0.2683725615E+00   -0.2597486465E+00   -0.9858134719E+00   -0.1950196762E-01    0.1120039084E+00    0.5244631735E-02
          25    0.4501761879E+00    0.2434886688E+00   -0.3005672207E+00   -0.1105009505E+01   -0.1826649004E-01   -0.8433920448E+00    0.1122089907E-01
          26    0.3423956259E+00    0.2752337264E+00   -0.2527179852E+00   -0.1030386974E+01   -0.1577990772E-01    0.9346753471E-01   -0.9646074739E-01
          27    0.4351646712E+00    0.2229361097E+00   -0.2963364589E+00   -0.9908106609E-01   -0.7893951369E-02   -0.5832943933E+01    0.1286615123E+00
          28    0.4324906473E+00    0.2252522954E+00   -0.2991612929E+00   -0.9562233958E-01   -0.7418953074E-02   -0.6200072992E+01    0.1165245314E+00
          29    0.3387739612E+00    0.2818786518E+00   -0.2511906338E+00   -0.1049375117E+01   -0.1790292097E-01    0.9437234441E-01   -0.2461454856E-01
          30    0.4436258612E+00    0.2197783982E+00   -0.3037791662E+00   -0.1591455617E+00   -0.1010602077E-01   -0.6491995706E+01    0.1118066253E+00
          31    0.4454401760E+00    0.2231011549E+00   -0.3018409362E+00   -0.1113674941E+00   -0.6872819121E-02   -0.6351145840E+01    0.1306453945E+00
          32    0.3636277927E+00    0.2572313793E+00   -0.2672274003E+00   -0.1136213652E+01   -0.1885728741E-01    0.4149688186E+00    0.1041074301E+00
          33    0.2919883510E+00    0.2669824673E+00   -0.1724752945E+01   -0.8696964965E+00   -0.1993433570E-01    0.2351627681E+02    0.1389530042E+00
          34    0.4050161385E+00    0.2620985917E+00   -0.2733781950E+00   -0.1209508291E+01   -0.1764372402E-01    0.3317032779E+00   -0.1033978572E-01
          35    0.4031031234E+00    0.2452316279E+00   -0.2840579182E+00   -0.6851590698E-01   -0.7037962265E-02   -0.7532075430E+01    0.1201277291E+00
          36    0.3406971263E+00    0.2676070085E+00   -0.2505901274E+00   -0.1157987041E+01   -0.1813666055E-01    0.1115315901E+00    0.4958658319E-02
          37    0.4495481620E+00    0.2474367671E+00   -0.2990557700E+00   -0.1182969192E+01   -0.1827869391E-01   -0.6892940385E+00    0.1148566431E-01
          38    0.3495254734E+00    0.2747871847E+00   -0.2404016320E+00   -0.1078908060E+01   -0.1435127022E-01    0.2413818021E+00   -0.9646893051E-01
          39    0.3987660442E+00    0.2671249204E+00   -0.2369138916E+00   -0.1069027613E+01   -0.2013664206E-01   -0.1044718902E+00    0.4495462144E-02
          40    0.3714650446E+00    0.2607693700E+00   -0.2696797409E+00   -0.1176165725E+01   -0.2112820103E-01    0.4072758221E+00    0.1087505467E+00
          41    0.4499331994E+00    0.2435031531E+00   -0.2964541214E+00   -0.8479072935E+00   -0.1084201153E-01   -0.8789859989E+00    0.1779545531E+00
          42    0.4530644252E+00    0.2476440125E+00   -0.3117452067E+00   -0.1183157352E+01   -0.5698476160E-02   -0.1286336770E+00    0.1112452103E-01
          43    0.4237997126E+00    0.2168188426E+00   -0.2933926355E+00    0.4986559198E+00   -0.5467439857E-02   -0.4754785784E+01    0.1450966812E+00
          44    0.4162258321E+00    0.2588813484E+00   -0.2650318300E+00   -0.1017652570E+01   -0.1391017525E-01    0.6934004461E-02   -0.2767283502E+01
          45    0.3341227455E+00    0.2696226622E+00   -0.2615800980E+00   -0.1210619756E+01   -0.1424513894E-01    0.1182786962E+00    0.6340419121E-01
          46    0.4029678696E+00    0.2371970151E+00   -0.2875403185E+00   -0.1285856976E+01   -0.2110734550E-01    0.1046015833E+00    0.7206293565E-02
          47    0.3959414659E+00    0.2645906944E+00   -0.2701053304E+00   -0.1184177646E+01   -0.1590190016E-01    0.3288063820E+00   -0.9635343869E-01
          48    0.4625661400E+00    0.2247308033E+00   -0.3160708570E+00   -0.9306374166E+00   -0.1712800587E-01   -0.1502457704E+01    0.1047955110E+00
          49    0.4012305201E+00    0.2717206824E+00   -0.2587361713E+00   -0.9758494383E+00    0.7527937846E-02   -0.5356800020E-02   -0.2773427587E+01
          50    0.4285341679E+00    0.2136615293E+00   -0.2830201922E+00    0.5236086274E+00   -0.1835781214E-01   -0.4835063292E+01    0.1366670769E+00
          51    0.4500433589E+00    0.2428494943E+00   -0.2967269079E+00   -0.8449280238E+00   -0.1073250528E-01   -0.8768950478E+00    0.1771544159E+00
          52    0.4371159828E+00    0.2576501068E+00   -0.2813130712E+00   -0.1154950643E+01   -0.2025592931E-01   -0.4273455445E+01   -0.9191097915E-02
          53    0.3451248203E+00    0.2675548556E+00   -0.2613686465E+00   -0.9750613327E+00   -0.1801194980E-01    0.1093633515E+00    0.4939765903E-02
          54    0.3628010050E+00    0.2722444038E+00   -0.2535566268E+00   -0.6428910801E-01   -0.6040257849E-02    0.6302431961E-02   -0.8195933868E-01
          55    0.3551816865E+00    0.2776678494E+00   -0.2580770551E+00   -0.1178701372E+01   -0.1450739364E-01    0.6229215824E-01   -0.9291403302E-01
          56    0.3426565340E+00    0.2719470226E+00   -0.2384931300E+00   -0.1038456329E+01   -0.1834284598E-01    0.2795127370E+00    0.1236421104E-01
          57    0.3703601421E+00    0.2438746644E+00   -0.2768196808E+00   -0.1277532275E+01   -0.1720161370E-01    0.1081449893E+00    0.3989292625E-01
          58    0.4581922024E+00    0.2216087614E+00   -0.3142631810E+00   -0.9094081226E+00   -0.1521468719E-01   -0.1520287069E+01    0.9614155763E-01
          59    0.4374348383E+00    0.2390960188E+00   -0.2862472631E+00   -0.8343179087E+00   -0.7902753960E-01   -0.9765063890E-02    0.1556518838E+00
          60    0.4422550425E+00    0.2257228919E+00   -0.3042165503E+00   -0.1069600908E+00   -0.6386278868E-02   -0.6692649110E+01    0.1155331355E+00
          61    0.3649030048E+00    0.2770653037E+00   -0.2539311665E+00   -0.1143042395E+01   -0.2134318118E-01    0.4562802066E-02    0.1195088591E-01
          62    0.4795315377E+00    0.2302653530E+00   -0.3135455646E+00   -0.1171748269E+01   -0.1016265306E-01   -0.1015248134E+01    0.5185074314E-01
          63    0.3773815904E+00    0.2238741564E+00   -0.2704367815E+00    0.4503434499E+00   -0.1699609342E-01    0.1122999617E+00    0.5843982263E-02
          64    0.3777102756E+00    0.2603542148E+00   -0.2595832133E+00   -0.1247741871E+01   -0.1691204518E-01    0.1047107042E+00   -0.9377139724E-01
          65    0.3342723048E+00    0.2675638331E+00   -0.2424133228E+00   -0.1094805226E+01   -0.1504525629E-01    0.1178976109E+00    0.2763410325E+02
          66    0.4359015662E+00    0.2296124242E+00   -0.3017827989E+00   -0.1494393974E+00   -0.5500683156E-02   -0.7457136535E+01    0.1180772999E+00
          67    0.4143502837E+00    0.2650702291E+00   -0.2643223394E+00   -0.9567885200E+00   -0.1319702057E-01    0.7423939637E-02   -0.2824455059E+01
          68    0.4135548696E+00    0.2653034413E+00   -0.2669119391E+00   -0.9574053226E+00   -0.7923516803E-02    0.7391120214E-02   -0.2729690042E+01
          69    0.3603440584E+00    0.2716261241E+00   -0.2446880056E+00   -0.1104017564E+01   -0.1608021723E-01   -0.9915205730E-02    0.2335326357E+00
          70    0.4404442654E+00    0.2510764246E+00   -0.2937294251E+00   -0.1256716847E+01   -0.1777187513E-01   -0.1562028382E+01    0.1158171837E-01
          71    0.4355802694E+00    0.2227680055E+00   -0.3067501695E+00   -0.1149491910E+01   -0.1768347085E-01    0.9062578617E-01   -0.3292122647E-01
          72    0.4306123304E+00    0.2304981307E+00   -0.2932250268E+00   -0.6111049643E+00   -0.6569062632E-02   -0.6823807242E+01    0.1485872093E+00
          73    0.3977045546E+00    0.2496300586E+00   -0.2913394082E+00   -0.1220438463E+01   -0.1762019023E-01    0.1052445169E+00    0.1208155877E+00
          74    0.4277794478E+00    0.2542103096E+00   -0.2783730073E+00   -0.1119946327E+01   -0.1797632448E-01   -0.4093980841E+01   -0.9117431015E-02
          75    0.4405443184E+00    0.2202573800E+00   -0.2927549724E+00   -0.1112881496E+00   -0.7709582018E-02   -0.5907771404E+01    0.1356515653E+00
          76    0.4817496717E+00    0.2309848440E+00   -0.3158156489E+00   -0.1203673759E+01   -0.9990236314E-02   -0.8088705665E+00    0.5163489035E-01
          77    0.3530923271E+00    0.2635385008E+00   -0.2520250373E+00   -0.1175740244E+01   -0.1740546692E-01    0.1034169149E+00    0.1344476606E+02
          78    0.4083460479E+00    0.2353610268E+00   -0.2911895106E+00   -0.1279739770E+01   -0.2056384901E-01    0.1014870758E+00    0.7251603288E-02
          79    0.4620260632E+00    0.2302676981E+00   -0.3011499254E+00   -0.9933755427E+00   -0.1569376933E-01   -0.8693133018E+00    0.5333737353E-01
          80    0.4473598734E+00    0.2491765709E+00   -0.2952095803E+00   -0.9186487672E+00   -0.1089279053E-01   -0.7066583550E+00    0.1863823982E+00
          81    0.4529782586E+00    0.2433606547E+00   -0.3095927912E+00   -0.1070107838E+01   -0.5256988314E-02   -0.8472585362E+00    0.1166561877E-01
          82    0.4560943072E+00    0.2352150980E+00   -0.3068839688E+00   -0.1045074029E+01   -0.1544253699E-01   -0.1806932555E+01    0.1760407548E+00
          83    0.4522570471E+00    0.2432951547E+00   -0.3028686051E+00   -0.1104588799E+01   -0.1763590915E-01   -0.6863441437E+00    0.1031187862E-01
          84    0.3678071648E+00    0.2229200474E+00   -0.2634499646E+00    0.4419983195E+00   -0.1949770177E-01    0.1205031732E+00    0.9672221984E-02
          85    0.4031143785E+00    0.2169257676E+00   -0.2723260719E+00    0.5032262448E+00   -0.1385164222E-01   -0.4558481855E+01    0.1459589605E+00
          86    0.4457539825E+00    0.2517308573E+00   -0.2991973304E+00   -0.1037138124E+01   -0.5807016374E-02   -0.1392768186E+00    0.1671702626E+00
          87    0.4278097002E+00    0.2596471513E+00   -0.2778836590E+00   -0.1131004640E+01   -0.1862539555E-01   -0.4127479747E+01   -0.8478997733E-01
          88    0.3523572290E+00    0.2838019316E+00   -0.2568421616E+00   -0.1197715236E+01   -0.1653151451E-01    0.6234652705E-01   -0.2344531687E-01
          89    0.4423430556E+00    0.2201847932E+00   -0.2947152085E+00   -0.1006600402E+00   -0.7744794698E-02   -0.5979526716E+01    0.1289162639E+00
          90    0.2936482843E+00    0.2680625959E+00   -0.1695871725E+01   -0.9140229635E+00   -0.2027627664E-01    0.1469773348E+00    0.2305159190E+02
          91    0.4447244515E+00    0.2479243756E+00   -0.2960243822E+00   -0.1156949288E+01   -0.1823437945E-01   -0.8281093639E+00    0.1157281335E-01
          92    0.4476377351E+00    0.2484596542E+00   -0.2955530814E+00   -0.9153322061E+00   -0.1079672193E-01   -0.7065694090E+00    0.1856812942E+00
          93    0.4466066501E+00    0.2384955635E+00   -0.2993518484E+00   -0.1060085288E+01   -0.1584713942E-01   -0.8794503582E+00    0.9487512679E-02
          94    0.4322931241E+00    0.2578259003E+00   -0.2918773706E+00   -0.1199528196E+01   -0.1964290104E-01   -0.3941365765E+01    0.1016057102E-01
          95    0.4376972016E+00    0.2573135224E+00   -0.3026694928E+00   -0.1163535196E+01   -0.5782825597E-02   -0.4202096291E+01    0.1062900102E-01
          96    0.5069843287E+00    0.2417837356E+00   -0.2846373908E+00   -0.8769726992E+00   -0.3578671368E-01   -0.1612990279E-01    0.1385979470E+00
          97    0.4436052013E+00    0.2498572847E+00   -0.2868759682E+00   -0.1148989427E+01   -0.1852206752E-01   -0.1229160602E+00   -0.8083660122E-01
          98    0.3282331565E+00    0.2708323243E+00   -0.2393721622E+00   -0.1113182036E+01   -0.1467830343E-01    0.1145678316E+00    0.1563927439E+02
          99    0.4526053053E+00    0.2411870987E+00   -0.2987874563E+00   -0.8751271106E+00   -0.1116128150E-01   -0.1415891496E+01    0.1699291243E+00
         100    0.4848505939E+00    0.2260383485E+00   -0.3205979537E+00   -0.1105092367E+01   -0.9607350760E-02   -0.8160901346E+00    0.4617753090E-01
