Model_ID, [(c_i,i=0,n)_j,j=1,ntask]
           1    0.4645397804E+00    0.2318117207E+00   -0.3031116265E+00   -0.1015945489E+01   -0.1519272960E-01   -0.7684382873E+00
           2    0.3811297711E+00    0.2639798006E+00   -0.2669567326E+00   -0.6545513908E-01   -0.6270255607E-02    0.6272069878E-02
           3    0.4590241360E+00    0.2331208665E+00   -0.2983642040E+00   -0.1018579288E+01   -0.1570429835E-01   -0.8716962568E+00
           4    0.4637183648E+00    0.2413441798E+00   -0.3017332521E+00   -0.1167640771E+01   -0.1858204850E-01   -0.1314330111E+00
           5    0.3820454009E+00    0.2624421272E+00   -0.2689800840E+00   -0.1064200298E+01   -0.1726542213E-01    0.4701826936E+00
           6    0.3946574623E+00    0.2519117728E+00   -0.2836252302E+00   -0.1200553718E+01   -0.6040715742E-02    0.1349349206E+00
           7    0.3926847419E+00    0.2528243192E+00   -0.2736691595E+00   -0.1232133073E+01   -0.2033551718E-01    0.1226834392E+00
           8    0.4625661645E+00    0.2412018533E+00   -0.3025635267E+00   -0.1094922707E+01   -0.1725654421E-01   -0.4602067517E+00
           9    0.3854549268E+00    0.2493201113E+00   -0.2713960337E+00   -0.1194344205E+01   -0.1806203157E-01    0.1183014534E+00
          10    0.4543837151E+00    0.2385259203E+00   -0.2998010118E+00   -0.1066777000E+01   -0.1541852016E-01   -0.4472018880E+00
          11    0.4634962064E+00    0.2310868355E+00   -0.3036179799E+00   -0.1038110022E+01   -0.1530113756E-01   -0.1201678896E+01
          12    0.4611356445E+00    0.2370084198E+00   -0.3014291557E+00   -0.1083725889E+01   -0.1523478548E-01   -0.5918863377E+00
          13    0.4254753396E+00    0.1933455805E+00   -0.2838639764E+00    0.5646519139E+00   -0.1666760732E-01    0.1396498300E+00
          14    0.3965358264E+00    0.2368744237E+00   -0.2881333258E+00   -0.1210624347E+01   -0.1643262537E-01    0.6966001028E-01
          15    0.4569955316E+00    0.2309282822E+00   -0.2950877834E+00   -0.1001456496E+01   -0.1603183317E-01   -0.1737838542E+01
          16    0.3692924250E+00    0.2698070623E+00   -0.2513747442E+00   -0.1109308048E+01   -0.1562589198E-01    0.1548101549E+02
          17    0.4467585544E+00    0.2516108759E+00   -0.2922874221E+00   -0.1149342672E+01   -0.1866587583E-01   -0.4275324635E+01
          18    0.4182890141E+00    0.2403817201E+00   -0.2967300510E+00   -0.1288546260E+01   -0.1670783740E-01    0.8569252843E-01
          19    0.4951145901E+00    0.2176099463E+00   -0.3222468714E+00   -0.9930446438E+00   -0.9038944576E-02   -0.7739065811E+00
          20    0.4064711425E+00    0.1997524711E+00   -0.2749446724E+00    0.5518811764E+00   -0.1412002943E-01    0.1528710034E+00
          21    0.4680281653E+00    0.2360004241E+00   -0.3038805411E+00   -0.1046724346E+01   -0.1648720590E-01   -0.7361122265E+00
          22    0.4381162694E+00    0.2484719580E+00   -0.2894943328E+00   -0.1117190996E+01   -0.1659788738E-01   -0.4110310307E+01
          23    0.3896130694E+00    0.2659205354E+00   -0.2712982873E+00   -0.1096721240E+01   -0.1905253308E-01    0.4644088544E+00
          24    0.4571493697E+00    0.2375946046E+00   -0.2960998585E+00   -0.1098291152E+01   -0.1564725406E-01   -0.6908407768E+00
          25    0.4286752399E+00    0.2524155379E+00   -0.2842409734E+00   -0.1051628809E+01   -0.1407840862E-01   -0.5060852668E+01
          26    0.4525800255E+00    0.2392620432E+00   -0.2977600734E+00   -0.1133594114E+01   -0.1629806835E-01   -0.1219681561E+00
          27    0.3710990889E+00    0.2666583408E+00   -0.2498882200E+00   -0.1049980072E+01   -0.1862739511E-01    0.4682534134E-02
          28    0.4373320260E+00    0.2551399253E+00   -0.2595425058E+00   -0.1136884629E+01   -0.1777499584E-01   -0.1088457296E+00
          29    0.4389626193E+00    0.2463238884E+00   -0.2711456674E+00   -0.1026646340E+01   -0.1653130706E-01   -0.2440257289E+01
          30    0.4633553935E+00    0.2372276730E+00   -0.2995168477E+00   -0.1050116716E+01   -0.1711823468E-01   -0.8393304850E+00
          31    0.3910880102E+00    0.2476509641E+00   -0.2798130527E+00   -0.1219050404E+01   -0.1533196767E-01    0.4413428541E-01
          32    0.3777817385E+00    0.2660372653E+00   -0.2556654832E+00   -0.1091546241E+01   -0.1584406129E-01    0.2600296102E+02
          33    0.4520005990E+00    0.2509303809E+00   -0.3023895513E+00   -0.1112324258E+01   -0.5416769988E-02   -0.4527601045E+01
          34    0.4667668210E+00    0.2404473919E+00   -0.3117090786E+00   -0.1058461194E+01   -0.4926477293E-02   -0.4745614621E+00
          35    0.4321815883E+00    0.1955322790E+00   -0.2860463503E+00    0.5752530190E+00   -0.1838951916E-01    0.1430595628E+00
          36    0.4906038426E+00    0.2184456596E+00   -0.3181031926E+00   -0.9951256999E+00   -0.9359432396E-02   -0.8767980883E+00
          37    0.4530225553E+00    0.2378321420E+00   -0.2932339481E+00   -0.1071801972E+01   -0.1570067062E-01   -0.8381351387E+00
          38    0.3607312697E+00    0.2734041046E+00   -0.2516413280E+00   -0.1085606246E+01   -0.1629740116E-01    0.5305585779E-02
          39    0.4165979228E+00    0.2463421284E+00   -0.2906328379E+00   -0.1038617592E+01   -0.1038208366E-01    0.4764449052E+00
          40    0.3930516789E+00    0.2526165089E+00   -0.2765267379E+00   -0.1189991643E+01   -0.1952356143E-01    0.1055848462E+00
          41    0.4673570560E+00    0.2408314204E+00   -0.3110975887E+00   -0.1130258992E+01   -0.5296038257E-02   -0.1335815141E+00
          42    0.3866949762E+00    0.2689188026E+00   -0.2644228742E+00   -0.1105317627E+01   -0.1810593760E-01    0.3154461495E+00
          43    0.4479573641E+00    0.2414130367E+00   -0.2906357317E+00   -0.1172098300E+01   -0.1520401388E-01   -0.1548983275E+01
          44    0.4159125023E+00    0.2392260769E+00   -0.2809461743E+00   -0.1672319070E+00   -0.4103179176E+00    0.1225399194E+00
          45    0.4736451216E+00    0.2323678700E+00   -0.3113095445E+00   -0.1093564836E+01   -0.1008750011E-01   -0.4305506734E+01
          46    0.4803743266E+00    0.2209903716E+00   -0.3094950724E+00   -0.1583621218E+00   -0.1042281335E-01   -0.6313027984E+01
          47    0.4676929241E+00    0.2351099096E+00   -0.3046206175E+00   -0.1067996023E+01   -0.1669863298E-01   -0.1160970171E+01
          48    0.3815376250E+00    0.2667865286E+00   -0.2724690767E+00   -0.9987466641E+00   -0.1143054233E-01    0.5498546563E+00
          49    0.3677150040E+00    0.2650332803E+00   -0.2690061762E+00   -0.1058641531E+01   -0.1597057880E-01    0.8417643349E-01
          50    0.4618797003E+00    0.2350539675E+00   -0.2965026782E+00   -0.1034005429E+01   -0.1753552255E-01   -0.1681516908E+01
          51    0.4541331248E+00    0.2348676808E+00   -0.2981645357E+00   -0.9486158240E+00   -0.1195896793E-01   -0.8326830781E+00
          52    0.3774498475E+00    0.2679883966E+00   -0.2732854559E+00   -0.1193985959E+01   -0.1477430785E-01    0.5804821314E-01
          53    0.4392129100E+00    0.2453782586E+00   -0.2896489457E+00   -0.1084784180E+01   -0.1579267782E-01   -0.3896791487E+00
          54    0.4757556846E+00    0.2299216037E+00   -0.3121752336E+00   -0.9761856691E+00   -0.9905868274E-02   -0.1396126003E+01
          55    0.4037631532E+00    0.2574151085E+00   -0.2826164393E+00   -0.1260142448E+01    0.6108415605E-02   -0.3986734478E-02
          56    0.4876394313E+00    0.2232084750E+00   -0.3193305985E+00   -0.1110966710E+01   -0.9864277591E-02   -0.1268472156E+00
          57    0.3711810787E+00    0.2684217134E+00   -0.2615351073E+00   -0.1102340618E+01   -0.1761158321E-01    0.3648295204E+00
          58    0.4445463104E+00    0.2404009630E+00   -0.2905732097E+00   -0.1045661320E+01   -0.1530787258E-01   -0.6158612955E+00
          59    0.4584181916E+00    0.2348285421E+00   -0.2982669298E+00   -0.7456546578E-01   -0.1203897445E-01   -0.6485487654E+01
          60    0.3865735515E+00    0.2494353881E+00   -0.2742512975E+00   -0.1153785277E+01   -0.1723101017E-01    0.9923225606E-01
          61    0.4724110692E+00    0.2324125122E+00   -0.3095655824E+00   -0.9573197557E+00   -0.9537947941E-02   -0.8413246724E+00
          62    0.4454451514E+00    0.2498665012E+00   -0.2733462126E+00   -0.1058288172E+01   -0.1822655152E-01   -0.2407046260E+01
          63    0.3819164647E+00    0.2660177232E+00   -0.2728131780E+00   -0.9953804954E+00   -0.1129876646E-01    0.5453766107E+00
          64    0.4321953286E+00    0.1964843323E+00   -0.2944546878E+00    0.5574355700E+00   -0.5407722974E-02    0.1526401021E+00
          65    0.4755152117E+00    0.2294727131E+00   -0.3122471968E+00   -0.9732786046E+00   -0.9800846929E-02   -0.1388477087E+01
          66    0.3291100917E+00    0.2765215483E+00   -0.2567540135E+00   -0.9758039527E+00   -0.1824519938E-01    0.2054515023E+02
          67    0.4809760674E+00    0.2257095893E+00   -0.3128290932E+00   -0.7204747527E-01   -0.7394923903E-02   -0.6895628037E+01
          68    0.4380357584E+00    0.2427039082E+00   -0.2867731710E+00   -0.1083305723E+01   -0.1724225952E-01   -0.1810781270E-01
          69    0.3836851749E+00    0.2688414437E+00   -0.2672786327E+00   -0.1230921635E+01   -0.5696857188E-02    0.6260047636E-02
          70    0.4724425292E+00    0.2318766054E+00   -0.3097548095E+00   -0.9542725121E+00   -0.9455719201E-02   -0.8396091456E+00
          71    0.3987379853E+00    0.2518050371E+00   -0.2748112115E+00   -0.1257015260E+01   -0.1700673784E-01    0.9653061709E-01
          72    0.4619418251E+00    0.2414012923E+00   -0.2974683822E+00   -0.1126962873E+01   -0.1712057033E-01   -0.6695546142E+00
          73    0.4936520439E+00    0.2170437219E+00   -0.3225944850E+00   -0.1015735571E+01   -0.9073651420E-02   -0.1200374263E+01
          74    0.4448322969E+00    0.2415451617E+00   -0.2953111671E+00   -0.1000720170E+01   -0.1236116811E-01   -0.5023028387E+00
          75    0.4913705259E+00    0.2229470602E+00   -0.3204235858E+00   -0.1061331504E+01   -0.9042539000E-02   -0.5930354533E+00
          76    0.3742935167E+00    0.2645849904E+00   -0.2579852497E+00   -0.1102417285E+01   -0.1469008644E-01    0.2164462081E+00
          77    0.3859138718E+00    0.2527866355E+00   -0.2755876329E+00   -0.1173067069E+01   -0.1704943963E-01    0.5140388530E-01
          78    0.4618040914E+00    0.2388470738E+00   -0.2993703545E+00   -0.7399027266E-01   -0.1326501300E-01   -0.6949707451E+01
          79    0.4872889929E+00    0.2221337689E+00   -0.3140285952E+00   -0.1047249673E+01   -0.9503718547E-02   -0.8787749766E+00
          80    0.4888303971E+00    0.2161198915E+00   -0.3150554735E+00   -0.9781405475E+00   -0.9541905469E-02   -0.1736665145E+01
          81    0.3845222354E+00    0.2615175150E+00   -0.2673769385E+00   -0.1294679261E+01   -0.5882945912E-02    0.5663400459E-02
          82    0.4712853169E+00    0.2354223245E+00   -0.3122496815E+00   -0.1011178453E+01   -0.4658407642E-02   -0.7493964204E+00
          83    0.4892583347E+00    0.2227595292E+00   -0.3160283314E+00   -0.1075313687E+01   -0.9356398862E-02   -0.7016676704E+00
          84    0.4738263874E+00    0.2334577821E+00   -0.3144722122E+00   -0.1030057948E+01   -0.4805418729E-02   -0.1231704444E+01
          85    0.3485397784E+00    0.2769472693E+00   -0.2404552849E+00   -0.1047463870E+01   -0.1260693617E-01    0.1759352036E+02
          86    0.4636433381E+00    0.2413440566E+00   -0.3017504532E+00   -0.1111976828E+01   -0.1645642972E-01   -0.5556179590E+00
          87    0.4681689856E+00    0.2332377556E+00   -0.3064334334E+00   -0.9916740443E+00   -0.5073104055E-02   -0.1794010006E+01
          88    0.4158870131E+00    0.2554502560E+00   -0.2845936809E+00   -0.1196717017E+01   -0.1608035699E-01    0.2945629958E+00
          89    0.4771561397E+00    0.2320054142E+00   -0.3126696338E+00   -0.9944689917E+00   -0.1062588806E-01   -0.8646463252E+00
          90    0.4660464623E+00    0.2290618334E+00   -0.3021085296E+00   -0.1086482831E+00   -0.5813459502E-02   -0.6195840880E+01
          91    0.4010776171E+00    0.2649395820E+00   -0.2815880884E+00   -0.1188241424E+01    0.6674725314E-02   -0.3770379496E-02
          92    0.4218655329E+00    0.2327533631E+00   -0.2939254587E+00   -0.1166392159E+01   -0.1073023312E-01    0.1156240217E+00
          93    0.3858369093E+00    0.2549628970E+00   -0.2758324224E+00   -0.1168451842E+01   -0.1777290341E-01    0.5102956035E-01
          94    0.4344430309E+00    0.2536241385E+00   -0.2860491546E+00   -0.1165255254E+01   -0.1571664238E-01   -0.1582846504E+01
          95    0.4607475469E+00    0.2334536115E+00   -0.2997240281E+00   -0.1507695867E+00   -0.5000052469E-02   -0.7002671072E+01
          96    0.4458299467E+00    0.2486621958E+00   -0.2916904468E+00   -0.1114122169E+01   -0.1746956342E-01   -0.3890872575E+00
          97    0.4434334964E+00    0.2421376332E+00   -0.2932131888E+00   -0.1072364677E+01   -0.1333368198E-01   -0.1412391027E+00
          98    0.4880516953E+00    0.2207843191E+00   -0.3153778407E+00   -0.1103216986E+00   -0.7902883801E-02   -0.5977435492E+01
          99    0.3571435656E+00    0.2752844352E+00   -0.2656116285E+00   -0.1152009692E+01   -0.1204851255E-01    0.6933463146E-01
         100    0.4820174501E+00    0.2249151927E+00   -0.3101375997E+00   -0.1564629732E+00   -0.1117570191E-01   -0.6719947556E+01
