Model_ID, [(c_i,i=0,n)_j,j=1,ntask]
           1    0.3506516741E+00    0.2499360299E+00   -0.2586001654E+00
           2    0.3393270887E+00    0.2683237591E+00   -0.4864286825E+00
           3    0.3153131814E+00    0.2585029068E+00   -0.2690457281E+00
           4    0.3351561412E+00    0.2761677122E+00   -0.1836469381E+00
           5    0.3461811480E+00    0.2454396763E+00   -0.3137973169E+00
           6    0.2857140625E+00    0.2677558836E+00   -0.3315474808E+01
           7    0.3274839236E+00    0.2580466401E+00   -0.3430048050E+01
           8    0.3168760960E+00    0.2583983851E+00   -0.1824015132E+01
           9    0.3641649909E+00    0.2465318013E+00   -0.2819137797E+00
          10   -0.3843253297E+00    0.6999751534E+00   -0.2867440099E+01
          11    0.9946038766E+00   -0.1005169897E+01   -0.1339703051E+01
          12    0.9127977508E+00   -0.1153503562E+01   -0.3381406686E+00
          13    0.3522752197E+00    0.2756365076E+00   -0.4962272935E+00
          14    0.9979531254E+00   -0.1002167708E+01   -0.1359033404E+01
          15    0.9433345967E+00   -0.1213288067E+01   -0.4286771930E+00
          16    0.3241067045E+00    0.2636660658E+00   -0.1598389442E+01
          17    0.9141975591E+00   -0.1124692713E+01   -0.2995555940E+00
          18    0.9841069083E+00   -0.1000818100E+01   -0.1316413527E+01
          19    0.9172683207E+00   -0.1169118796E+01   -0.3759435132E+00
          20    0.9238975531E+00   -0.1142574967E+01   -0.2690474779E+00
          21    0.9462738684E+00   -0.1245739523E+01   -0.2750252512E+00
          22    0.9319740760E+00   -0.1136304803E+01   -0.4336795654E+01
          23    0.9104556601E+00   -0.1154743834E+01   -0.3224724886E+00
          24    0.1004100349E+01   -0.1011775092E+01   -0.1318902340E+01
          25    0.9232167492E+00   -0.1168555621E+01   -0.9700683983E+00
          26    0.1259086169E+01   -0.2183383799E+00   -0.4508659398E+00
          27    0.9324763360E+00   -0.1169028198E+01   -0.9965724341E+00
          28    0.9820047648E+00   -0.9969108841E+00   -0.4950086091E+00
          29    0.8932096581E+00   -0.1296098760E+01   -0.1015047447E+01
          30    0.9506257333E+00   -0.1169805529E+01   -0.2504417258E+00
          31    0.9246543213E+00   -0.1170817260E+01   -0.3062323638E+00
          32    0.9033448179E+00   -0.1147494215E+01   -0.3135443410E+00
          33    0.9889638691E+00   -0.1167939382E+01   -0.1866999555E+00
          34    0.9065863515E+00   -0.1185027769E+01   -0.3018308218E+00
          35    0.8894004616E+00   -0.1164376147E+01   -0.2811919062E+00
          36    0.9051678348E+00   -0.1163721163E+01   -0.9196084381E+00
          37    0.8791857978E+00   -0.1186292909E+01   -0.2883079228E+00
          38    0.6449750364E+00   -0.1327062447E+01    0.3284879338E+00
          39    0.9203085887E+00   -0.1164880220E+01   -0.3610167791E+00
          40    0.9412475429E+00   -0.1238783933E+01   -0.3725052695E+00
          41    0.9246329152E+00   -0.1167751740E+01   -0.9533941234E+00
          42    0.9446265264E+00   -0.1194750761E+01   -0.2751205036E+00
          43    0.9797496637E+00   -0.1295905254E+01   -0.2277345934E+00
          44    0.9016528945E+00   -0.1192608897E+01   -0.3092550687E+00
          45    0.9343654689E+00   -0.1176803025E+01   -0.9504812244E+00
          46    0.8814499687E+00   -0.1186886937E+01   -0.2762557240E+00
          47    0.9483880267E+00   -0.1299260916E+01    0.1249802727E+00
          48    0.8611556964E+00   -0.1250593066E+01   -0.4928180131E+00
          49    0.8818265832E+00   -0.1290392236E+01   -0.3109920992E+00
          50    0.8762851611E+00   -0.1226768682E+01   -0.8776244192E+00
          51    0.9496831314E+00   -0.1229878688E+01   -0.3171311927E+00
          52    0.9576945135E+00   -0.9927584635E+00   -0.1242216800E+01
          53    0.9470265894E+00   -0.1224117229E+01   -0.3157770007E+00
          54    0.8907900770E+00   -0.1293474125E+01   -0.2651881113E+00
          55    0.1029983450E+01   -0.1076468489E+01   -0.2184722064E+00
          56    0.9420990082E+00   -0.1233006030E+01   -0.2231944155E+01
          57    0.8806542409E+00   -0.1265321926E+01   -0.2425954225E+00
          58    0.8893126102E+00   -0.1234900624E+01   -0.9410586899E+00
          59    0.8915139937E+00   -0.1260673911E+01   -0.1425683445E+01
          60    0.9069217893E+00   -0.1252704826E+01   -0.5416563458E+00
          61    0.1066607873E+01   -0.9954186411E+00   -0.2489567307E+00
          62    0.9300530450E+00   -0.1070461278E+01   -0.1065872921E+01
          63    0.1011539032E+01   -0.1083455545E+01   -0.3685852689E+00
          64    0.9475282123E+00   -0.1073869877E+01   -0.1103160465E+01
          65    0.9464154453E+00   -0.1070878075E+01   -0.4159726136E+00
          66    0.9263379417E+00   -0.1101040595E+01   -0.3592164425E+00
          67    0.8338889662E+00   -0.3035759679E+01   -0.3305566678E+00
          68    0.9512895137E+00   -0.1073766743E+01   -0.1098047383E+01
          69    0.9511626828E+00   -0.1022643877E+01   -0.4155693837E+00
          70    0.9814914579E+00   -0.1031710942E+01   -0.4021022346E+00
          71    0.2939463162E+00    0.2668029026E+00   -0.7307660357E+00
          72    0.9312487673E+00   -0.3025567941E+01   -0.3182311386E+00
          73    0.9612510343E+00   -0.1082352356E+01   -0.1088371724E+01
          74   -0.3881725121E+00    0.2744656134E+00    0.3926272410E+00
          75    0.4012677862E+00   -0.6875688599E+00    0.4542714606E+00
          76    0.4413383395E+00   -0.8312321977E+00    0.3768634234E+00
          77   -0.1375852059E+00    0.2687363686E+00    0.6128619378E+00
          78    0.8604438504E+00   -0.6911834894E+00   -0.1880145596E+00
          79    0.9525377739E+00   -0.1071051294E+01   -0.1102826436E+01
          80    0.3155601261E+00   -0.3073526907E+00    0.4347547092E+00
          81    0.8040704780E+00   -0.2998788454E+01   -0.1242273354E+00
          82    0.9129888706E+00   -0.1206409757E+01   -0.3052349372E+00
          83    0.1001444692E+01   -0.1071622284E+01   -0.4946733575E+00
          84    0.9851209444E+00   -0.5489600676E+00   -0.5506261630E+01
          85    0.1074227770E+01   -0.1046316354E+01   -0.2238147102E+00
          86    0.4065301947E+00    0.2593666349E+00   -0.3197595909E+00
          87    0.3458987668E+00    0.2659410207E+00   -0.2552282578E+01
          88    0.9393225195E+00   -0.1042287714E+01   -0.2923013780E+00
          89    0.8762158015E+00   -0.1157316993E+01   -0.5552429069E+00
          90    0.9768200993E+00   -0.9975486848E+00   -0.3488282557E+00
          91    0.4735896755E+00   -0.7517241653E+00    0.2080447951E+00
          92    0.9749048055E+00   -0.1063413352E+01   -0.3594725210E+00
          93    0.9524972518E+00   -0.1040538636E+01   -0.3332566900E+00
          94    0.8857745013E+00   -0.6532625646E+00   -0.1960090226E+00
          95    0.1199789400E+01   -0.4590273864E+00   -0.4624671536E+00
          96    0.3609876915E+00    0.2540581256E+00   -0.1851311521E+00
          97    0.9730924184E+00   -0.1028387061E+01   -0.3740258636E+00
          98    0.8120870010E+00   -0.5996862900E+00   -0.2715731488E+01
          99    0.2755345206E+00   -0.5120973764E+00    0.4744521923E+00
         100    0.8433810698E+00   -0.8047053964E+00   -0.1598422343E+00
