        Rank        RMSE       MaxAE  Feature_ID
           1    0.041593    0.135730  (       2       5      87     121)
           2    0.041815    0.140431  (       2       5      87     125)
           3    0.042231    0.137605  (       2       5      87     155)
           4    0.042340    0.138996  (       2       5      92     131)
           5    0.042365    0.138728  (       2       5      92     158)
           6    0.042502    0.138358  (       2       5      87     154)
           7    0.043034    0.117466  (       2       5      84     121)
           8    0.043072    0.139331  (       2       5     112     122)
           9    0.043116    0.139042  (       2       5     112     123)
          10    0.043227    0.132135  (       2       5     112     121)
          11    0.043232    0.144990  (       2       5      88     158)
          12    0.043283    0.141381  (       2       5      87     124)
          13    0.043392    0.140791  (       2       5      97     131)
          14    0.043396    0.140604  (       2       5      81     131)
          15    0.043447    0.142863  (       2       5      87     122)
          16    0.043459    0.142570  (       2       5      87     123)
          17    0.043484    0.119587  (       2       5      90     138)
          18    0.043522    0.126113  (       2       5      97     121)
          19    0.043550    0.121295  (       2       5      84     125)
          20    0.043565    0.154247  (       2       5     105     131)
          21    0.043573    0.128968  (       2       5      90     147)
          22    0.043592    0.138422  (       2      13      20     155)
          23    0.043606    0.124605  (       2       5      81     138)
          24    0.043625    0.130253  (       2       5     104     121)
          25    0.043666    0.151921  (       2       5     104     134)
          26    0.043672    0.130727  (       2       5      92     147)
          27    0.043690    0.136028  (       2       5     112     125)
          28    0.043693    0.147394  (       2       5      97     134)
          29    0.043704    0.137598  (       2       5     112     124)
          30    0.043716    0.144339  (       2       5     104     131)
          31    0.043725    0.153831  (       2       5     119     131)
          32    0.043736    0.134611  (       2       5      81     153)
          33    0.043741    0.137255  (       2       5      88     147)
          34    0.043756    0.142354  (       2       5      97     149)
          35    0.043757    0.137863  (       2       5     112     129)
          36    0.043808    0.146575  (       2       5     104     149)
          37    0.043820    0.124784  (       2       5      81     121)
          38    0.043830    0.140278  (       2       5      97     158)
          39    0.043843    0.135457  (       2       5     115     121)
          40    0.043849    0.151704  (       2       5     101     147)
          41    0.043859    0.141609  (       2       5      87     129)
          42    0.043891    0.144299  (       2       5     113     158)
          43    0.043896    0.127933  (       2       5     104     152)
          44    0.043900    0.126512  (       2       5      81     155)
          45    0.043919    0.122780  (       2       5      84     129)
          46    0.043943    0.125237  (       2       5      92     135)
          47    0.043951    0.123436  (       2       5      84     124)
          48    0.043960    0.124431  (       2       5      84     123)
          49    0.043962    0.119633  (       2       5      84     155)
          50    0.043963    0.137408  (       2       5     115     155)
          51    0.043978    0.120167  (       2       5      92     152)
          52    0.043986    0.136468  (       2       5     104     122)
          53    0.043987    0.133801  (       2       5     112     155)
          54    0.043995    0.124653  (       2       5      84     122)
          55    0.043995    0.134454  (       2       5     112     154)
          56    0.044000    0.132855  (       2       5      81     147)
          57    0.044001    0.136237  (       2       5     104     123)
          58    0.044016    0.145563  (       2       5      87     151)
          59    0.044020    0.157769  (       2       5      85     132)
          60    0.044024    0.121956  (       2       5      81     152)
          61    0.044028    0.137731  (       2       5     104     147)
          62    0.044049    0.130264  (       2       5      90     153)
          63    0.044054    0.154223  (       2       5     110     131)
          64    0.044078    0.133571  (       2       5      97     147)
          65    0.044083    0.123326  (       2       5      81     156)
          66    0.044090    0.123697  (       2       5      97     152)
          67    0.044091    0.144043  (       2       5      92     134)
          68    0.044107    0.140911  (       2       5     111     131)
          69    0.044107    0.131144  (       2       5      97     124)
          70    0.044119    0.130199  (       2       5      81     124)
          71    0.044122    0.135184  (       2       5     104     124)
          72    0.044128    0.138554  (       2       5     108     147)
          73    0.044136    0.117145  (       2       5      90     152)
          74    0.044165    0.118162  (       2       5      90     156)
          75    0.044192    0.145285  (       2       5      85     147)
          76    0.044196    0.124034  (       2       5      81     128)
          77    0.044236    0.143045  (       2       5     102     128)
          78    0.044242    0.138528  (       2       5     104     143)
          79    0.044242    0.143744  (       2       5     113     131)
          80    0.044263    0.146165  (       2       5      82     128)
          81    0.044305    0.126650  (       2       5      84     151)
          82    0.044307    0.133808  (       2       5      97     143)
          83    0.044316    0.136649  (       2       5      97     130)
          84    0.044316    0.130875  (       2       5      92     140)
          85    0.044332    0.137845  (       2       5      97     144)
          86    0.044336    0.120082  (       2       5      84     154)
          87    0.044355    0.154277  (       2       8      87     125)
          88    0.044357    0.132240  (       2       5      97     122)
          89    0.044367    0.140590  (       2       5     111     158)
          90    0.044369    0.132027  (       2       5      97     123)
          91    0.044376    0.140692  (       2       5     104     126)
          92    0.044385    0.137864  (       2       8      84     125)
          93    0.044390    0.143785  (       2       5     104     158)
          94    0.044393    0.133107  (       2       5      84     133)
          95    0.044397    0.129534  (       2       5      97     125)
          96    0.044401    0.142415  (       2       5      93     128)
          97    0.044409    0.135281  (       2       5      86      92)
          98    0.044415    0.133662  (       2       5     104     125)
          99    0.044420    0.143727  (       2       5      98     147)
         100    0.044424    0.135765  (       2       5      97     126)
