        Rank        RMSE       MaxAE  Feature_ID
           1    0.033033    0.124708  (       2       5      92     128     158     170)
           2    0.033066    0.128943  (       2       5      97     128     158     162)
           3    0.033332    0.125888  (       2       5      97     128     158     170)
           4    0.033347    0.128208  (       2       5      92     128     158     162)
           5    0.033400    0.119506  (       2       5      87     121     175     215)
           6    0.033443    0.143754  (       2       5      87     154     164     224)
           7    0.033477    0.122687  (       2       5      87     121     175     226)
           8    0.033528    0.114781  (       2       5      87     121     233     236)
           9    0.033536    0.121753  (       2       5      87     121     175     222)
          10    0.033560    0.130996  (       2       5      90     128     147     163)
          11    0.033633    0.118970  (       2       5      87     121     175     219)
          12    0.033655    0.128670  (       2       5     111     128     158     162)
          13    0.033668    0.121010  (       2       5      87     121     175     210)
          14    0.033684    0.127149  (       2       5      84     142     154     162)
          15    0.033788    0.145710  (       2       5      87     155     167     212)
          16    0.033802    0.132785  (       2       5     113     128     158     162)
          17    0.033804    0.143903  (       2       5      85     128     147     163)
          18    0.033824    0.149598  (       2       5      87     125     178     202)
          19    0.033824    0.117326  (       2       5      87     121     191     233)
          20    0.033850    0.125145  (       2       5     111     128     158     170)
          21    0.033853    0.124237  (       2       5      87     121     175     221)
          22    0.033862    0.133805  (       2       5      81     128     147     163)
          23    0.033876    0.123048  (       2       5      87     121     175     225)
          24    0.033933    0.123828  (       2       5      87     121     175     216)
          25    0.033933    0.143473  (       2       5      87     125     167     202)
          26    0.033964    0.116281  (       2       5      87     121     175     208)
          27    0.034016    0.132470  (       2       5     104     128     158     162)
          28    0.034045    0.129234  (       2       5     104     128     158     170)
          29    0.034051    0.118286  (       2       5      87     121     175     233)
          30    0.034054    0.130300  (       2       5      92     124     158     170)
          31    0.034063    0.134723  (       2       5      97     157     158     162)
          32    0.034072    0.115909  (       2       5      87     121     161     162)
          33    0.034083    0.105398  (       2      11      87     124     169     170)
          34    0.034103    0.122761  (       2       5      87     121     191     193)
          35    0.034103    0.129574  (       2       5     113     128     158     170)
          36    0.034125    0.122007  (       2       5      87     121     162     194)
          37    0.034131    0.144132  (       2       5      87     125     176     202)
          38    0.034146    0.118478  (       2       5      87     121     198     208)
          39    0.034150    0.121089  (       2       5      87     121     173     200)
          40    0.034160    0.121523  (       2       5      87     125     161     162)
          41    0.034180    0.146471  (       2       5      87     122     168     224)
          42    0.034184    0.147411  (       2       5      87     154     178     202)
          43    0.034202    0.121530  (       2       5      84     154     158     162)
          44    0.034227    0.138285  (       2       5      81     125     147     163)
          45    0.034229    0.119856  (       2       5      87     124     162     187)
          46    0.034238    0.120542  (       2       5      87     121     179     219)
          47    0.034240    0.116422  (       2       5      87     121     191     208)
          48    0.034252    0.127098  (       2       5      87     125     199     209)
          49    0.034254    0.135253  (       2       5      90     147     157     163)
          50    0.034254    0.127859  (       2       5      84     125     142     162)
          51    0.034255    0.146131  (       2       5      87     123     168     224)
          52    0.034256    0.139150  (       2       5      87     125     164     193)
          53    0.034267    0.125126  (       2       5      87     121     175     203)
          54    0.034280    0.133079  (       2       5     101     128     147     208)
          55    0.034282    0.103454  (       2       5      87     121     187     208)
          56    0.034291    0.124334  (       2       5      87     121     198     210)
          57    0.034299    0.124567  (       2       5      87     121     162     165)
          58    0.034304    0.124792  (       2       5      87     121     199     209)
          59    0.034310    0.121196  (       2       5      87     117     155     162)
          60    0.034316    0.131431  (       2       5      97     157     158     170)
          61    0.034320    0.130600  (       2       5      87     125     200     202)
          62    0.034321    0.147344  (       2       5      87     155     184     212)
          63    0.034325    0.107794  (       2       5      84     121     175     203)
          64    0.034337    0.102250  (       2       5      87     121     185     208)
          65    0.034343    0.129261  (       2       5      87     124     162     172)
          66    0.034344    0.129755  (       2       5      92     157     158     170)
          67    0.034347    0.135510  (       2       5      90     125     147     163)
          68    0.034351    0.138066  (       2       5      90     122     147     163)
          69    0.034356    0.125302  (       2       5      87     121     193     198)
          70    0.034361    0.137043  (       2       5      87     125     177     202)
          71    0.034366    0.107291  (       2       5      87     121     166     217)
          72    0.034375    0.134129  (       2       5     111     157     158     162)
          73    0.034381    0.126101  (       2       5      87     121     162     236)
          74    0.034387    0.133644  (       2       5      87     121     164     193)
          75    0.034387    0.133889  (       2       5      97     128     142     162)
          76    0.034391    0.146304  (       2       5      87     155     176     212)
          77    0.034394    0.123337  (       2       5      87     121     162     169)
          78    0.034406    0.121723  (       2       5      87     121     179     215)
          79    0.034410    0.142037  (       2       5      87     121     167     201)
          80    0.034412    0.145951  (       2       5      87     122     183     224)
          81    0.034413    0.141290  (       2       5      87     154     167     202)
          82    0.034423    0.139635  (       2       5      87     121     181     205)
          83    0.034435    0.143680  (       2       5      87     125     168     202)
          84    0.034436    0.102506  (       2       5      84     121     175     215)
          85    0.034439    0.129183  (       2       5      84     124     142     162)
          86    0.034440    0.147162  (       2       5      87     154     178     224)
          87    0.034442    0.132948  (       2       5      87     125     164     208)
          88    0.034444    0.105552  (       2       5      87     121     187     233)
          89    0.034447    0.138233  (       2       5     104     128     142     162)
          90    0.034448    0.111493  (       2      11      87     124     162     169)
          91    0.034455    0.144752  (       2       5      87     125     184     202)
          92    0.034457    0.145627  (       2       5      87     123     183     224)
          93    0.034468    0.139235  (       2       5      87     121     167     202)
          94    0.034472    0.145728  (       2       5      87     125     164     202)
          95    0.034472    0.143775  (       2       5      87     154     164     202)
          96    0.034473    0.117432  (       2       5      87      96     121     162)
          97    0.034481    0.136956  (       2       5      87     125     178     208)
          98    0.034484    0.127963  (       2       5      87     124     162     169)
          99    0.034486    0.151260  (       2       5      87     122     199     224)
         100    0.034489    0.145498  (       2       5      87     155     168     212)
