        Rank        RMSE       MaxAE  Feature_ID
           1    0.099074    0.218529  (       1)
           2    0.108228    0.296447  (       2)
           3    0.108346    0.325286  (       3)
           4    0.108498    0.221823  (       4)
           5    0.108773    0.316391  (       5)
           6    0.109489    0.289465  (       6)
           7    0.113097    0.220674  (       7)
           8    0.113839    0.358425  (       8)
           9    0.114254    0.261378  (       9)
          10    0.114907    0.331780  (      10)
          11    0.115150    0.349345  (      11)
          12    0.115163    0.339753  (      12)
          13    0.115748    0.333892  (      13)
          14    0.116784    0.340893  (      14)
          15    0.116918    0.388215  (      15)
          16    0.117780    0.283654  (      16)
          17    0.117843    0.351059  (      17)
          18    0.118093    0.244429  (      18)
          19    0.118483    0.322481  (      19)
          20    0.118858    0.399240  (      20)
          21    0.119071    0.262618  (      21)
          22    0.119723    0.389228  (      22)
          23    0.120896    0.346174  (      23)
          24    0.121031    0.369808  (      24)
          25    0.121040    0.362831  (      25)
          26    0.121859    0.404996  (      26)
          27    0.122213    0.421487  (      27)
          28    0.122257    0.475091  (      28)
          29    0.122812    0.258200  (      29)
          30    0.123544    0.369072  (      30)
          31    0.123964    0.371720  (      31)
          32    0.124488    0.330887  (      32)
          33    0.124665    0.335574  (      33)
          34    0.124732    0.347447  (      34)
          35    0.124765    0.353882  (      35)
          36    0.124799    0.315794  (      36)
          37    0.124906    0.364082  (      37)
          38    0.124961    0.296441  (      38)
          39    0.125126    0.468556  (      39)
          40    0.125217    0.367769  (      40)
