        Rank        RMSE       MaxAE  Feature_ID
           1    0.061446    0.129640  (       2       5)
           2    0.063072    0.161527  (       2      20)
           3    0.063935    0.141808  (       2       8)
           4    0.064276    0.181391  (       2      30)
           5    0.067079    0.156433  (       2       3)
           6    0.067913    0.149432  (       2      22)
           7    0.068774    0.135042  (       2      10)
           8    0.069031    0.195133  (       2      11)
           9    0.069153    0.139316  (       2       6)
          10    0.069336    0.179416  (      12      24)
          11    0.069683    0.246288  (      16      75)
          12    0.070930    0.199651  (       1      43)
          13    0.071452    0.196882  (       2      35)
          14    0.071549    0.248375  (      16      48)
          15    0.071638    0.278797  (       1      41)
          16    0.071793    0.202886  (       2      19)
          17    0.071814    0.184209  (       1      65)
          18    0.071929    0.241310  (      16      46)
          19    0.071960    0.187106  (       1      44)
          20    0.072138    0.260993  (       1      55)
          21    0.072174    0.200136  (       1      42)
          22    0.072235    0.156083  (       1      64)
          23    0.072252    0.205430  (       1      51)
          24    0.072309    0.255449  (      16      77)
          25    0.072337    0.199387  (       1      46)
          26    0.072404    0.150153  (      13      29)
          27    0.072450    0.204635  (       1      48)
          28    0.072461    0.236993  (      16      74)
          29    0.072526    0.167982  (       1      45)
          30    0.072546    0.228391  (       1      49)
          31    0.072664    0.237958  (       1      50)
          32    0.072707    0.205125  (       1      67)
          33    0.072933    0.200797  (       1      56)
          34    0.073234    0.202801  (       1      52)
          35    0.073265    0.194787  (       1      68)
          36    0.073267    0.190769  (       1      69)
          37    0.073283    0.173586  (       1      53)
          38    0.073302    0.234181  (       1      76)
          39    0.073361    0.196540  (       1      74)
          40    0.073415    0.208469  (       1      47)
          41    0.073473    0.203558  (       1      75)
          42    0.073542    0.207333  (       1      57)
          43    0.073617    0.247954  (       1      60)
          44    0.073709    0.166483  (       1      62)
          45    0.073786    0.209580  (       1      77)
          46    0.073857    0.190318  (       1      71)
          47    0.073860    0.266363  (       1      72)
          48    0.073903    0.235363  (       1      54)
          49    0.073918    0.161434  (       1      66)
          50    0.073977    0.200153  (       1      58)
          51    0.074011    0.214816  (       1      59)
          52    0.074037    0.229569  (      16      69)
          53    0.074107    0.220271  (       1      61)
          54    0.074135    0.176557  (       1      78)
          55    0.074163    0.194069  (       4      56)
          56    0.074209    0.188451  (       1      63)
          57    0.074334    0.184660  (       1      70)
          58    0.074459    0.207717  (       1      73)
          59    0.074599    0.176344  (       1      79)
          60    0.074643    0.229912  (       1      80)
          61    0.075071    0.243513  (      16      56)
          62    0.075397    0.182823  (       4      69)
          63    0.075576    0.246885  (      16      42)
          64    0.075864    0.193231  (       4      46)
          65    0.076033    0.189686  (       4      74)
          66    0.076123    0.192551  (       4      62)
          67    0.076182    0.217488  (      24      34)
          68    0.076245    0.197777  (       4      75)
          69    0.076359    0.210883  (      16      62)
          70    0.076539    0.164461  (       7      43)
          71    0.076542    0.150483  (       2      25)
          72    0.076690    0.174034  (      24      32)
          73    0.077205    0.204773  (       4      77)
          74    0.077361    0.190979  (       2      39)
          75    0.077511    0.176217  (       7      23)
          76    0.077530    0.188615  (       1      23)
          77    0.078006    0.196162  (       2      28)
          78    0.078017    0.181779  (       4      13)
          79    0.078191    0.199717  (       4      48)
          80    0.078272    0.234189  (       6      23)
          81    0.078289    0.236471  (      24      31)
          82    0.078293    0.209612  (       4      78)
          83    0.078336    0.257799  (      16      47)
          84    0.078523    0.216221  (      17      64)
          85    0.078704    0.165193  (       7      56)
          86    0.078781    0.201283  (       2      17)
          87    0.079086    0.160797  (       2      24)
          88    0.079105    0.261548  (       4      55)
          89    0.079135    0.232529  (       4      54)
          90    0.079277    0.190776  (       7      65)
          91    0.079408    0.179903  (       1       2)
          92    0.079899    0.176928  (       7      52)
          93    0.080086    0.185207  (       7      68)
          94    0.080107    0.171079  (       7      13)
          95    0.080336    0.182759  (      26      29)
          96    0.080364    0.184411  (       2      13)
          97    0.080505    0.172042  (       7      51)
          98    0.080595    0.187913  (       9      24)
          99    0.080849    0.233102  (      20      23)
         100    0.080937    0.192515  (       1      13)
