Model_ID, [(c_i,i=0,n)_j,j=1,ntask]
           1    0.4866269262E+00    0.1976497143E+00   -0.3216352132E+00   -0.1149653658E+00
           2    0.4855288076E+00    0.1986857164E+00   -0.3190758407E+00   -0.1261272340E+00
           3    0.4762091188E+00    0.2025515141E+00   -0.3124816461E+00   -0.1699551584E+00
           4    0.4700218224E+00    0.1986877115E+00   -0.3096470375E+00   -0.1931001759E+00
           5    0.4604942538E+00    0.2145618336E+00   -0.3059714216E+00   -0.1079730225E+00
           6    0.4288689414E+00    0.2254188044E+00   -0.2965268348E+00   -0.1379616791E+01
           7    0.4571347294E+00    0.2096385443E+00   -0.3035440030E+00   -0.7390238362E-01
           8    0.9202149616E+00    0.6261440243E+00   -0.4468426571E+00   -0.1945602328E+00
           9    0.4273632590E+00    0.2124488250E+00   -0.2876460166E+00    0.5029744195E+00
          10    0.4059918099E+00    0.2174431047E+00   -0.2846297849E+00    0.1715842804E-01
          11    0.4669690328E+00    0.2089075285E+00   -0.3061219585E+00   -0.6493733136E+00
          12    0.4665958394E+00    0.2114320230E+00   -0.3060299159E+00   -0.7121103792E-01
          13    0.4299783041E+00    0.2238716858E+00   -0.2936461803E+00   -0.2180706734E-01
          14    0.3849552673E+00    0.2621882311E+00   -0.2761284901E+00   -0.1058956798E+01
          15    0.4034128895E+00    0.2198002521E+00   -0.2828840885E+00    0.5478125339E-01
          16    0.3987182825E+00    0.2170135800E+00   -0.2799544450E+00    0.5164409324E-02
          17    0.4296642319E+00    0.2304813449E+00   -0.2963584198E+00   -0.1264217908E+01
          18    0.4428448938E+00    0.2084567359E+00   -0.2969107962E+00   -0.1498827981E-01
          19    0.6041945979E+00    0.2424488986E+00   -0.2925884980E+00   -0.6493670410E-01
          20    0.4635263889E+00    0.2090109723E+00   -0.2921117355E+00   -0.1235217047E+00
          21    0.6187000378E+00    0.2202101322E+00   -0.2892086123E+00   -0.6276531974E-01
          22    0.3792827447E+00    0.2221403459E+00   -0.2575232081E+00    0.2615594833E-01
          23    0.4305818240E+00    0.2163189258E+00   -0.2960528546E+00   -0.8527281583E-02
          24    0.7131296868E+00    0.2142483598E+00   -0.2856685883E+00   -0.7571881634E-01
          25    0.4238442070E+00    0.2261563583E+00   -0.2956112298E+00   -0.6446273959E-01
          26    0.4043856859E+00    0.2167546124E+00   -0.2855265884E+00    0.1687239802E-01
          27    0.4443560983E+00    0.2196289508E+00   -0.2982083215E+00   -0.7531647867E-01
          28    0.4562960572E+00    0.2186631416E+00   -0.2890877767E+00   -0.7810001702E-01
          29    0.4024982224E+00    0.2210869375E+00   -0.2815403798E+00    0.1473332754E-01
          30    0.4244112594E+00    0.2164379590E+00   -0.2932838837E+00   -0.8414275925E-02
          31    0.3871985535E+00    0.2213137258E+00   -0.2651786172E+00    0.1040052644E-01
          32    0.4283813136E+00    0.2246067730E+00   -0.2735604701E+00   -0.1285880852E+00
          33    0.4058480076E+00    0.2184907850E+00   -0.2837357059E+00    0.7100778984E-02
          34    0.4249837718E+00    0.2205058272E+00   -0.2894027531E+00   -0.9367335071E-02
          35    0.3829359831E+00    0.2567148299E+00   -0.2720314475E+00   -0.7916649880E+00
          36    0.4121722608E+00    0.2240987328E+00   -0.2753643273E+00   -0.1309575425E-01
          37    0.4091504361E+00    0.2413565611E+00   -0.2851456745E+00   -0.1599143038E+00
          38    0.4121686772E+00    0.2295238840E+00   -0.2847595373E+00   -0.1675817414E-01
          39    0.3777975013E+00    0.2291585110E+00   -0.2695340130E+00    0.2320049254E-01
          40    0.4118645691E+00    0.2635900388E+00   -0.2597094298E+00   -0.1149418432E+00
          41    0.4188664923E+00    0.2339569110E+00   -0.2722895502E+00   -0.3654574971E+00
          42    0.5816676271E+00    0.2498665914E+00   -0.3096249972E+00   -0.6855086421E-01
          43    0.4281388611E+00    0.2238960923E+00   -0.3067196889E+00   -0.8368894546E-01
          44    0.4513822690E+00    0.2142087319E+00   -0.9776789118E-01   -0.3813956325E+00
          45    0.4360672157E+00    0.2136055910E+00   -0.2016490980E+00   -0.1233077684E+01
          46    0.5833181724E+00    0.2286354580E+00   -0.3026883188E+00   -0.6335467743E-01
          47    0.3831476521E+00    0.2715974685E+00   -0.2727935794E+00   -0.1224353415E+00
          48    0.6550271321E+00   -0.6899234032E+00    0.5145446136E+00   -0.2035688957E+00
          49    0.7851734020E+00    0.6661177318E+00   -0.4181142593E+00   -0.9604504102E+00
          50    0.3893418910E+00    0.2402212358E+00   -0.2871381475E+00   -0.3901518482E+00
          51    0.3860608530E+00    0.2432046137E+00   -0.5251755615E+00    0.1394521159E-01
          52    0.6930594484E+00   -0.4555760085E+00    0.3928119375E+00   -0.1950856046E+00
          53    0.3627370091E+00    0.2439101762E+00   -0.4796171917E+00    0.2432864975E-01
          54    0.3829740188E+00    0.2440714804E+00   -0.5230613413E+00    0.4952267494E-01
          55    0.4164860253E+00    0.2037259528E+00   -0.2941061912E+00    0.3250479857E-01
          56    0.4104058449E+00    0.2462034129E+00   -0.5103911155E+00   -0.1214853259E+00
          57    0.3893574915E+00    0.2407908713E+00   -0.5293838411E+00    0.6726689177E-02
          58    0.3463539234E+00    0.2654073336E+00   -0.2835555297E+00   -0.7915377054E+00
          59    0.7752800236E+00    0.6867080082E+00   -0.4106809702E+00   -0.9571404087E+00
          60    0.2970794735E+00   -0.6385024726E+00    0.3797738253E+00   -0.1055608513E+01
          61    0.4176087932E+00    0.2240412999E+00   -0.3150383118E+00   -0.6672445564E-01
          62    0.4185253647E+00    0.2205939715E+00   -0.3021442350E+00   -0.1179800133E+00
          63    0.4176451770E+00    0.2163461720E+00   -0.2064126039E+00   -0.1333058092E+01
          64    0.3698783000E+00    0.2436737881E+00   -0.4934006405E+00    0.9611727113E-02
          65    0.6257967279E+00   -0.7612314883E+00    0.1673875456E+00   -0.2316541606E+00
          66    0.4471620327E+00    0.2100605390E+00   -0.3450191074E+00   -0.1501594294E+00
          67    0.3646332412E+00    0.2821991567E+00   -0.5090658873E+00   -0.9336946320E+00
          68    0.3823282995E+00    0.2435800012E+00   -0.5227115521E+00    0.1495199749E-01
          69    0.3653848291E+00    0.2900514513E+00   -0.1946979932E+00   -0.1004164257E+01
          70    0.4285979236E+00    0.2273218166E+00   -0.3751714204E+00   -0.1264888955E+01
          71    0.3245750677E+00   -0.6597548104E+00    0.3569805668E+00   -0.1046985875E+01
          72    0.3877800801E+00    0.2348556698E+00   -0.2835055860E+00   -0.1242007623E+00
          73    0.3787442522E+00    0.2267267610E+00   -0.2942447650E+00    0.4549624805E+00
          74    0.5805628530E+00    0.2192415194E+00   -0.3360533729E+00   -0.2131883576E+00
          75    0.4484106945E+00    0.2630347409E+00   -0.8683164103E+00   -0.1967661214E+00
          76    0.4516270600E+00    0.1996099270E+00   -0.3299856507E+00    0.1871726837E-01
          77    0.8063779698E+00    0.6364911846E+00   -0.4345663641E+00   -0.9104740364E+00
          78    0.5497418556E+00    0.2235614359E+00   -0.3304641815E+00   -0.2598099174E+00
          79    0.4665750496E+00   -0.7069214868E+00    0.3221594356E+00   -0.2037342845E+00
          80    0.4958364586E+00   -0.4086792465E+00    0.4449792929E+00   -0.9994238101E+00
          81    0.6250693641E+00   -0.7836908568E+00    0.1681825781E+00   -0.2635866593E+00
          82    0.7925090280E+00    0.6573216128E+00   -0.4215178704E+00   -0.3572030071E+00
          83    0.4268150106E+00    0.2100852848E+00   -0.3466976234E+00   -0.1514101795E-01
          84    0.5482643909E+00    0.2227220520E+00   -0.3189550854E+00   -0.2257716419E+00
          85    0.4025732357E+00    0.2305070453E+00   -0.3095342822E+00   -0.9388725532E-01
          86    0.3608333784E+00    0.2513652567E+00   -0.5008839586E+00    0.2122317623E-01
          87    0.3361114236E+00   -0.6613243009E+00    0.3560086577E+00   -0.1073418568E+01
          88    0.4566491716E+00    0.1959414515E+00   -0.3333997194E+00    0.9070953707E-02
          89    0.5437344475E+00   -0.6527440258E+00    0.5546954579E+00   -0.1028637705E+01
          90    0.4422607344E+00    0.2120272279E+00   -0.2227339336E+00   -0.4034609385E+00
          91    0.3796168179E+00    0.2432211079E+00   -0.3025162590E+00   -0.1134689682E+01
          92    0.3898669172E+00    0.2480370960E+00   -0.5091300913E+00   -0.1165314913E-01
          93    0.4114229051E+00    0.2219115138E+00   -0.3132132904E+00   -0.1429596890E+00
          94    0.6101499445E+00    0.2043934691E+00   -0.6063714262E+00   -0.2324879348E+00
          95    0.5769498028E+00    0.2196226544E+00   -0.3469831076E+00   -0.2361691689E+00
          96    0.4803518144E+00    0.1934351118E+00   -0.3464785216E+00   -0.1063874206E-01
          97    0.3798129728E+00    0.2436527860E+00   -0.5230307122E+00    0.1441940798E-01
          98    0.3788180368E+00    0.2377921164E+00   -0.2990601572E+00   -0.1932375995E-01
          99    0.3744484758E+00    0.2404230258E+00   -0.2997243636E+00   -0.1183426276E+01
         100    0.3520984839E+00    0.2316625533E+00   -0.2858003331E+00    0.4583655097E-02
