Model_ID, [(c_i,i=0,n)_j,j=1,ntask]
           1    0.8274336867E+00   -0.1243049476E+01
           2    0.1701878235E-01    0.4175398043E+00
           3    0.6747138331E+00   -0.5346106473E+00
           4    0.8308989296E+00   -0.1132645946E+01
           5    0.6836085280E+00   -0.4345951119E+00
           6    0.7105353163E+00   -0.4852115283E+00
           7    0.8707276617E+00   -0.1098884356E+01
           8    0.6415750428E+00   -0.4616157828E+00
           9    0.7386224988E+00   -0.9680572906E+00
          10    0.6682197215E+00   -0.6002535903E+01
          11    0.6506553354E+00   -0.3197389257E+01
          12   -0.1175972116E+01    0.1103099569E+01
          13    0.7430122348E+00   -0.3424441284E+00
          14    0.7033069067E+00   -0.8532939612E+00
          15    0.6403723875E+00   -0.5518910991E+00
          16    0.8275386649E+00   -0.1028059011E+01
          17    0.8351264134E+00   -0.5917348553E+00
          18    0.7903998021E+00   -0.8931281170E+00
          19    0.6775479784E+00   -0.2861841465E+01
          20    0.6987734295E+00   -0.8413523325E+00
          21   -0.9877410915E-01    0.1169710195E+01
          22    0.6107715120E+00   -0.5854523653E+01
          23   -0.1355553126E+00    0.7991340027E+00
          24    0.7378882492E+00   -0.4789549794E+01
          25    0.6371690895E+00   -0.1350772012E+01
          26    0.6336702364E+00   -0.7464601403E+00
          27    0.6658507503E+00   -0.1320254762E+01
          28   -0.1640291577E+00    0.1147163942E+01
          29    0.1457206663E+01   -0.7600935764E+00
          30    0.7066923098E+00   -0.3216712901E+00
          31    0.6950730967E+00   -0.2046676517E+00
          32    0.8982281710E+00   -0.5217294652E+00
          33   -0.5484137575E+00    0.7259798252E+00
          34    0.7366635966E+00   -0.5411586327E+00
          35    0.7502031629E+00   -0.9006562797E+00
          36    0.6842061435E+00   -0.2042835008E+01
          37    0.7101486750E+00   -0.5975040514E+00
          38    0.7240402653E+00   -0.7813980833E+00
          39   -0.6290040109E+00    0.7381778092E+00
          40    0.6322311382E+00   -0.1537689059E+01
