        Rank        RMSE       MaxAE  Feature_ID
           1    0.037136    0.141206  (       2       5      87     121     168)
           2    0.037368    0.147018  (       2       5     101     128     147)
           3    0.037380    0.140563  (       2       5      87     121     167)
           4    0.037463    0.151451  (       2       5      87     125     178)
           5    0.037472    0.118488  (       2       5      87     121     161)
           6    0.037482    0.132708  (       2       5      87     154     162)
           7    0.037514    0.135620  (       2       5      87     125     162)
           8    0.037549    0.151800  (       2       5      87     125     174)
           9    0.037552    0.130499  (       2       5      87     121     162)
          10    0.037564    0.146962  (       2       5      87     121     174)
          11    0.037614    0.144880  (       2       5      87     121     199)
          12    0.037646    0.140637  (       2       5      87     121     183)
          13    0.037671    0.109529  (       2       5      84     121     162)
          14    0.037673    0.117660  (       2       5      87     121     166)
          15    0.037679    0.145651  (       2       5      87     121     181)
          16    0.037710    0.126725  (       2       5      87     121     169)
          17    0.037730    0.147653  (       2       5      87     125     164)
          18    0.037750    0.132300  (       2       5      87     121     179)
          19    0.037780    0.143015  (       2       5      87     155     168)
          20    0.037790    0.115898  (       2       5      84     124     162)
          21    0.037797    0.145397  (       2       5      87     125     168)
          22    0.037799    0.142508  (       2       5      87     121     164)
          23    0.037817    0.123734  (       2       5      87     125     161)
          24    0.037822    0.141128  (       2       5      87     121     176)
          25    0.037828    0.150190  (       2       5      87     124     164)
          26    0.037839    0.145863  (       2       5      87     121     178)
          27    0.037889    0.126576  (       2       5      87     121     200)
          28    0.037910    0.129632  (       2       5      87     121     173)
          29    0.037922    0.138824  (       2       5      87     121     163)
          30    0.037958    0.144954  (       2       5      87     125     167)
          31    0.037961    0.128670  (       2       5      87     121     165)
          32    0.037991    0.128415  (       2       5      87     121     172)
          33    0.038006    0.145881  (       2       5      87     154     164)
          34    0.038024    0.150140  (       2       5      87     154     174)
          35    0.038026    0.113760  (       2       5      84     125     162)
          36    0.038035    0.142419  (       2       5      87     155     167)
          37    0.038037    0.141812  (       2       5      87     121     184)
          38    0.038048    0.126324  (       2       5      87     121     194)
          39    0.038075    0.120256  (       2       5      87     155     161)
          40    0.038080    0.131781  (       2       5      87     125     170)
          41    0.038088    0.149460  (       2       5      87     154     178)
          42    0.038092    0.129276  (       2       5      87     125     190)
          43    0.038099    0.134186  (       2       5      87     121     177)
          44    0.038129    0.135245  (       2       5      92     131     162)
          45    0.038134    0.144736  (       2       5      87     155     164)
          46    0.038137    0.135132  (       2       5      92     121     158)
          47    0.038152    0.149028  (       2       5      87     125     199)
          48    0.038174    0.123646  (       2       5      87     122     161)
          49    0.038180    0.132990  (       2       5      87     121     175)
          50    0.038185    0.149997  (       2       5      87     125     181)
          51    0.038192    0.147053  (       2       5      87     124     168)
          52    0.038198    0.120379  (       2       5      87     121     187)
          53    0.038201    0.144342  (       2       5      87     121     180)
          54    0.038206    0.153371  (       2       5      87     122     199)
          55    0.038213    0.131676  (       2       5      81     147     154)
          56    0.038228    0.148143  (       2       5      87     155     178)
          57    0.038236    0.124525  (       2       5      87     121     188)
          58    0.038247    0.137989  (       2       5      87     121     195)
          59    0.038257    0.139860  (       2       5     113     121     158)
          60    0.038263    0.127244  (       2       5      87     121     170)
          61    0.038263    0.148581  (       2       5      87     122     168)
          62    0.038265    0.143603  (       2       5      87     125     163)
          63    0.038267    0.123445  (       2       5      87     123     161)
          64    0.038270    0.111752  (       2       5      84     154     162)
          65    0.038279    0.153003  (       2       5      87     123     199)
          66    0.038286    0.135280  (       2       8      87     121     169)
          67    0.038294    0.142039  (       2       5     113     155     158)
          68    0.038294    0.141580  (       2       5      87     121     186)
          69    0.038296    0.125047  (       2       5      90     128     147)
          70    0.038299    0.148277  (       2       5      87     123     168)
          71    0.038311    0.119568  (       2       5      87     121     185)
          72    0.038312    0.145521  (       2       5      87     125     176)
          73    0.038329    0.146659  (       2       5      87     155     199)
          74    0.038329    0.153855  (       2       5      87     124     174)
          75    0.038335    0.142426  (       2       5      87     155     183)
          76    0.038341    0.134973  (       2       5      87     121     198)
          77    0.038357    0.137838  (       2       5      87     121     171)
          78    0.038357    0.143949  (       2       5     113     125     158)
          79    0.038362    0.143908  (       2       5      87     155     184)
          80    0.038387    0.147513  (       2       5      87     155     181)
          81    0.038395    0.128626  (       2       5      81     128     147)
          82    0.038396    0.143570  (       2       5      87     154     168)
          83    0.038396    0.143028  (       2       5      87     155     176)
          84    0.038400    0.147599  (       2       5      87     154     199)
          85    0.038409    0.131098  (       2       5      87     124     169)
          86    0.038413    0.144768  (       2       5      87     125     183)
          87    0.038415    0.148578  (       2       5      87     154     181)
          88    0.038416    0.133114  (       2       5      87     121     191)
          89    0.038417    0.147552  (       2       5      87     129     168)
          90    0.038426    0.136726  (       2       5      97     128     158)
          91    0.038428    0.128151  (       2       5      90     147     154)
          92    0.038434    0.132716  (       2       5      87     155     162)
          93    0.038439    0.138049  (       2       5      87     121     182)
          94    0.038443    0.146655  (       2       5      87     121     196)
          95    0.038445    0.135841  (       2       5      92     128     158)
          96    0.038453    0.148941  (       2       5      87     125     180)
          97    0.038454    0.153361  (       2       5      87     124     178)
          98    0.038455    0.143090  (       2       5      97     122     158)
          99    0.038458    0.122672  (       2       5      87     124     187)
         100    0.038474    0.138716  (       2       5      92     125     158)
