Model_ID, [(c_i,i=0,n)_j,j=1,ntask]
           1    0.4101314278E+00    0.2541324385E+00   -0.2740664031E+00   -0.1119952130E+01   -0.1609724865E-01
           2    0.4169520885E+00    0.2574614504E+00   -0.2761713809E+00   -0.1149889224E+01   -0.1782332366E-01
           3    0.4421593167E+00    0.2392353178E+00   -0.2941396646E+00   -0.1096481398E+01   -0.9586082372E-02
           4    0.4439632205E+00    0.2408612132E+00   -0.2854752933E+00   -0.1580940739E+00   -0.3530208178E+00
           5    0.4750112402E+00    0.2248103499E+00   -0.3159568200E+00   -0.1717142560E+00   -0.6878319167E+01
           6    0.4193771595E+00    0.2572696411E+00   -0.2846650198E+00   -0.1113259045E+01   -0.5028209742E-02
           7    0.4476433361E+00    0.2048564311E+00   -0.2846557438E+00    0.4990586582E+00   -0.1448546292E-01
           8    0.4945343251E+00    0.1943155244E+00   -0.3107558814E+00   -0.1912495772E+00   -0.9389116625E-02
           9    0.4942945850E+00    0.1939841821E+00   -0.3108537363E+00   -0.1904788445E+00   -0.9300530825E-02
          10    0.4863877432E+00    0.1926932655E+00   -0.3054634730E+00   -0.1872748754E+00   -0.1385385966E-01
          11    0.4580608402E+00    0.2368266580E+00   -0.3088320865E+00   -0.1079840744E+00   -0.6732936372E+01
          12    0.3938544384E+00    0.2594807016E+00   -0.2665899908E+00   -0.1057571029E+01   -0.1224994611E-01
          13    0.4493379153E+00    0.2360397318E+00   -0.2913400451E+00   -0.1121580291E+00   -0.3194868458E+00
          14    0.3992387325E+00    0.2616461203E+00   -0.2706015407E+00   -0.1260674047E+01   -0.3440529990E+00
          15    0.4117715309E+00    0.2572580113E+00   -0.2779243105E+00   -0.1067592994E+01   -0.9711158196E-02
          16    0.4119664493E+00    0.2566532310E+00   -0.2781854727E+00   -0.1064268873E+01   -0.9640284527E-02
          17    0.4142071383E+00    0.2539253856E+00   -0.2767334314E+00   -0.1401802019E+01   -0.6920472371E+00
          18    0.4948404750E+00    0.1951899354E+00   -0.3126760742E+00   -0.1178078208E+00   -0.1263356393E-01
          19    0.4534216145E+00    0.2070970191E+00   -0.2865835022E+00    0.5067819595E+00   -0.1563090888E-01
          20    0.4016909431E+00    0.2546705661E+00   -0.2697494795E+00   -0.8057522282E-02   -0.3681183321E+00
          21    0.3825752730E+00    0.2678423786E+00   -0.2787649456E+00   -0.1290686192E+01    0.6731760592E-02
          22    0.5228757771E+00    0.1848480094E+00   -0.1021767249E+00   -0.4200471255E+00   -0.1076853379E-01
          23    0.4115177120E+00    0.2475493573E+00   -0.2769338924E+00   -0.1466582624E+01   -0.6410057167E+00
          24    0.4950777690E+00    0.1945239009E+00   -0.3148333578E+00   -0.1069031789E+00   -0.1247964553E-01
          25    0.4598453973E+00    0.2246827659E+00   -0.2879959593E+00   -0.1187754937E+00   -0.1609549166E+01
          26    0.4285106469E+00    0.2377877327E+00   -0.2942663965E+00   -0.1640883807E+00    0.5988895908E-02
          27    0.4927187668E+00    0.1945559706E+00   -0.3077097710E+00   -0.1904100946E+00   -0.1494515073E-01
          28    0.4587638855E+00    0.2257678376E+00   -0.2853306909E+00   -0.1304173021E+00   -0.1612875020E+01
          29    0.4729179558E+00    0.1984969016E+00   -0.2986583466E+00   -0.1845240010E+00   -0.1122775753E-01
          30    0.4495686312E+00    0.2347578498E+00   -0.2935783040E+00   -0.1011069432E+00   -0.3106874667E+00
          31    0.3960874342E+00    0.2550651133E+00   -0.2670466903E+00   -0.8019053842E-02   -0.3737059852E+00
          32    0.4225763406E+00    0.2519749379E+00   -0.2772892817E+00   -0.1461628430E+01   -0.1692497863E+00
          33    0.4133187168E+00    0.2501038860E+00   -0.2880578087E+00   -0.1057769484E+00    0.6206711346E-02
          34    0.4524860141E+00    0.2358848341E+00   -0.2981685836E+00   -0.1243253650E+00   -0.2535344687E+01
          35    0.4981872499E+00    0.1930352529E+00   -0.3134665325E+00   -0.1961737650E+00   -0.1003507237E-01
          36    0.4534252777E+00    0.2347006858E+00   -0.3006750137E+00   -0.1129678427E+00   -0.2512787288E+01
          37    0.4445693725E+00    0.2192577720E+00   -0.2922190367E+00   -0.1315923886E+01   -0.1339905288E-01
          38    0.4767887061E+00    0.2208880988E+00   -0.3186536891E+00   -0.1199768528E+00   -0.5957340580E+01
          39    0.4335703969E+00    0.2326197931E+00   -0.2831441620E+00   -0.1656582267E+00   -0.1548560651E-01
          40    0.3766346306E+00    0.2635885219E+00   -0.2780490262E+00   -0.6613070346E-01    0.6781509101E-02
          41    0.4143516443E+00    0.2576288391E+00   -0.2801193659E+00   -0.1107653205E+01   -0.1062861410E-01
          42    0.4449552199E+00    0.2422202681E+00   -0.3025874487E+00   -0.7788256940E-01   -0.7142763425E+01
          43    0.4612105209E+00    0.2346333723E+00   -0.2923142004E+00   -0.1119193489E+00   -0.3433701237E+00
          44    0.4730418923E+00    0.2065732871E+00   -0.3095884567E+00   -0.1312973683E+01   -0.8209989549E-02
          45    0.4564506119E+00    0.2064329596E+00   -0.2915480998E+00    0.5171732699E+00   -0.1028585869E-01
          46    0.4637799492E+00    0.2105427236E+00   -0.3087652985E+00   -0.1615185320E+00    0.1003629929E-01
          47    0.4327979682E+00    0.2113586674E+00   -0.2776745120E+00    0.4839318994E+00   -0.1142123752E-01
          48    0.4506224918E+00    0.2081616116E+00   -0.2887392088E+00    0.4898034505E+00   -0.9075968083E-02
          49    0.4733997419E+00    0.1934315207E+00   -0.3017410496E+00    0.4833225834E+00   -0.8395316881E-02
          50    0.4663499249E+00    0.2179638995E+00   -0.3031761193E+00   -0.1649596184E+00   -0.9477422263E-02
          51    0.4518232021E+00    0.2401366295E+00   -0.2830478532E+00   -0.1675697381E+00   -0.3561189969E+00
          52    0.4996909012E+00    0.1969440177E+00   -0.3188045867E+00   -0.1072870374E+00   -0.8104255171E-02
          53    0.5107920728E+00    0.1817327713E+00   -0.3215513488E+00   -0.1826099620E+00   -0.8090787078E-02
          54    0.4503561616E+00    0.2086601301E+00   -0.2884756153E+00    0.4904858901E+00   -0.9111393915E-02
          55    0.4940387588E+00    0.1956088400E+00   -0.3145163998E+00   -0.1868680961E+00   -0.4290304576E-02
          56    0.3824542636E+00    0.2604323945E+00   -0.2787991323E+00   -0.1343280308E+01    0.6125662886E-02
          57    0.4995854782E+00    0.1966086280E+00   -0.3189034471E+00   -0.1069864153E+00   -0.8044250294E-02
          58    0.4018292741E+00    0.2617021021E+00   -0.2720772428E+00   -0.1101933235E+01   -0.1258106013E-01
          59    0.4249646144E+00    0.2178727611E+00   -0.2942110132E+00   -0.2265225739E-01    0.5546120814E-01
          60    0.4055532474E+00    0.2639810956E+00   -0.2666676000E+00   -0.1386477909E+01   -0.3731356615E+00
          61    0.4382644326E+00    0.2320060434E+00   -0.3027046825E+00   -0.1082133694E+00    0.5576273011E-02
          62    0.4251070422E+00    0.2581232810E+00   -0.2771464623E+00   -0.1374681486E+01   -0.1772747616E+00
          63    0.4119801418E+00    0.2466906107E+00   -0.2706470958E+00   -0.1377419608E-01   -0.3517218308E+00
          64    0.4372037895E+00    0.2329900656E+00   -0.3002832570E+00   -0.1186911106E+00    0.5575783034E-02
          65    0.4252429469E+00    0.2333045453E+00   -0.2738238929E+00   -0.1500602123E+01   -0.4312129279E+00
          66    0.4598215630E+00    0.2354070559E+00   -0.2899124240E+00   -0.1222200666E+00   -0.3388885512E+00
          67    0.4493326129E+00    0.2297697078E+00   -0.2784923791E+00   -0.1762190799E+00   -0.1620667801E+01
          68    0.4333019641E+00    0.2466286924E+00   -0.2791617628E+00   -0.5882327940E+00   -0.3414773912E+00
          69    0.4819059994E+00    0.2006442036E+00   -0.3063196802E+00   -0.1158560185E+00   -0.1008169994E-01
          70    0.4326148005E+00    0.2243450879E+00   -0.2859249646E+00   -0.1304263301E+01   -0.1098162241E-01
          71    0.4826696280E+00    0.1997833571E+00   -0.3086199789E+00   -0.1054307695E+00   -0.1002525032E-01
          72    0.4194164581E+00    0.2474428364E+00   -0.2881963857E+00   -0.7045388573E-01    0.6345531431E-02
          73    0.4072872492E+00    0.2708747067E+00   -0.2657846938E+00   -0.1308971025E+01   -0.3962644059E+00
          74    0.4285839599E+00    0.2387282113E+00   -0.2733384767E+00   -0.1426556267E+01   -0.4616884762E+00
          75    0.3831491210E+00    0.2598672628E+00   -0.2759421161E+00   -0.2162861180E-01    0.6377768205E-02
          76    0.4273128322E+00    0.2294617813E+00   -0.2826863888E+00   -0.1323926155E+01   -0.6381089177E-02
          77    0.3809486731E+00    0.2255226617E+00   -0.2441697823E+00    0.2609063796E-01   -0.6923658099E-02
          78    0.5136460308E+00    0.1750541935E+00   -0.3239944166E+00   -0.1225916401E+00   -0.2129843635E+01
          79    0.4136123401E+00    0.2573249129E+00   -0.2717257561E+00   -0.6971832428E-01   -0.3574637619E+00
          80    0.4062875561E+00    0.2214154068E+00   -0.2712075261E+00    0.1673469068E-01   -0.6624717475E-02
          81    0.4431987643E+00    0.2109641874E+00   -0.2835474594E+00    0.5103584067E+00   -0.1195329392E-01
          82    0.5123949303E+00    0.1762093648E+00   -0.3212454328E+00   -0.1344463849E+00   -0.2126377904E+01
          83    0.4808616393E+00    0.2054365813E+00   -0.3050965327E+00   -0.1341502820E+00   -0.3203292788E+00
          84    0.4900785951E+00    0.1986854609E+00   -0.3158617739E+00   -0.1731317839E+00   -0.3950081279E-02
          85    0.4827058088E+00    0.2028224185E+00   -0.3015327399E+00   -0.1379051869E+00   -0.2318231812E+00
          86    0.4533511227E+00    0.2087328503E+00   -0.2934061885E+00    0.4886348937E+00   -0.4337319063E-02
          87    0.3859089126E+00    0.2614536850E+00   -0.2879700735E+00   -0.1009167891E+01   -0.2216514007E-01
          88    0.4967793326E+00    0.1985077087E+00   -0.3158135791E+00   -0.1165286126E+00   -0.7873528644E-02
          89    0.4627025435E+00    0.2311162391E+00   -0.3081069884E+00   -0.6387546403E+00   -0.6512024906E+01
          90    0.4966881326E+00    0.1981768931E+00   -0.3159180233E+00   -0.1162113797E+00   -0.7817036728E-02
          91    0.4870019564E+00    0.1865770738E+00   -0.3273779310E+00   -0.1282407885E+00    0.4641790659E+00
          92    0.4233533977E+00    0.2142224366E+00   -0.3014147111E+00    0.4696268369E+00   -0.2046073775E-01
          93    0.4755799741E+00    0.2197578239E+00   -0.3198545414E+00   -0.1073561354E+00   -0.5638109862E+01
          94    0.4344698973E+00    0.2199709748E+00   -0.2843690902E+00    0.5037341557E+00   -0.1881696444E-02
          95    0.4982015427E+00    0.1977087323E+00   -0.3141854495E+00   -0.1181533690E+00   -0.1300637329E-01
          96    0.4047779932E+00    0.2241894236E+00   -0.2681227153E+00    0.1487690917E-01   -0.7071456012E-02
          97    0.4760390322E+00    0.1924634968E+00   -0.3129079870E+00    0.3546785413E-02   -0.1250411778E+00
          98    0.4988668081E+00    0.1968529584E+00   -0.3164838073E+00   -0.1075038487E+00   -0.1292367967E-01
          99    0.4096011549E+00    0.2553772623E+00   -0.2713777414E+00   -0.7892276176E-01    0.6602576848E-02
         100    0.4858273964E+00    0.1877117799E+00   -0.3245464802E+00   -0.1407410112E+00    0.4642555889E+00
