     Index              y_true              y_pred        descriptor_1        descriptor_2        descriptor_3        descriptor_4        descriptor_5        descriptor_6
         1    0.4409666276E+00    0.4229774951E+00    0.1344379893E+00    0.5384615385E+00    0.8253455961E+00    0.2609445941E+00    0.6687126295E-02    0.0000000000E+00
         2    0.7424838322E+00    0.7285001015E+00    0.0000000000E+00   -0.5262669068E-02   -0.2544204347E-01    0.8198838430E+00    0.3069872107E-01   -0.2749511575E-02
         3    0.7088784800E+00    0.7143990989E+00    0.1532467686E+00    0.4310021034E-02    0.9936221143E-01    0.2983118832E-01    0.2562401081E-01    0.0000000000E+00
         4    0.4845643894E+00    0.4773469403E+00    0.1726227968E+00    0.9822343564E-01   -0.4676730546E-01    0.1248876759E+01    0.3227638320E-02   -0.4866975836E-01
         5    0.7039212836E+00    0.6994924942E+00    0.0000000000E+00   -0.5298368936E-03   -0.4321479351E-01    0.1008293093E+01    0.3069872107E-01   -0.5675100245E-02
         6    0.6862391363E+00    0.6664856720E+00    0.1144947122E+00   -0.2166800024E-02   -0.1353650896E-01    0.7958180249E+00    0.4707701997E-01   -0.1401672564E-02
         7    0.4035735992E+00    0.4455637719E+00    0.2867585085E+00   -0.6802489513E-01    0.1569371681E+00    0.1017520962E+01    0.5794349863E-02    0.0000000000E+00
         8    0.2325611125E+00    0.2388260688E+00    0.6751063812E+00    0.1326966563E-03    0.0000000000E+00    0.1746138012E+00    0.1882423775E-01    0.0000000000E+00
         9    0.6806239492E+00    0.7154746724E+00    0.1585311400E+00   -0.3354109031E-01   -0.4732370136E-01    0.9515093553E-01    0.2461445315E-01   -0.4359215097E-02
        10    0.8332189795E+00    0.7153903003E+00    0.1585311400E+00    0.9014423077E-02    0.3439192091E+00    0.1144078466E+00    0.2933427529E-01   -0.3741297564E-03
        11    0.8189209971E+00    0.7834276741E+00    0.3170622799E-01   -0.9348704964E-01   -0.2170565813E-01    0.4905417578E+00    0.2461445315E-01    0.0000000000E+00
        12    0.6127430717E+00    0.6210046398E+00    0.5615764110E-01   -0.3817334802E-02   -0.7675619339E-02    0.5537890224E+00    0.3859150536E-01    0.7522353698E-01
        13    0.6061163367E+00    0.5842021988E+00    0.1144947122E+00   -0.9747332568E-01   -0.2603355300E+00    0.9785008082E+00    0.0000000000E+00   -0.5196444628E-02
        14    0.2418758418E-01    0.1390003238E-01    0.8426900585E+00    0.1158291539E+00    0.1460708343E+01    0.9365666016E+00    0.5279036505E-02   -0.2814556614E-01
        15    0.6474339979E+00    0.6239638362E+00    0.1585311400E+00    0.7979131574E-02   -0.2105165623E-01    0.7935416593E+00    0.4707701997E-01   -0.1039115227E-02
        16    0.1780865173E+00    0.1877218608E+00    0.4723913558E+00    0.4610995789E-01   -0.1723786766E+01    0.9188478398E+00    0.5279036505E-02   -0.2814556614E-01
        17    0.6188163482E+00    0.5903830199E+00    0.2008061106E+00    0.2636718750E-01    0.2189407348E+00    0.4952480718E+00    0.2214947194E-01   -0.1099041407E-02
        18    0.1285892075E+00    0.1221193776E+00    0.8060207930E+00    0.1330983733E-03    0.3684709346E+00    0.3468897103E+00    0.1882423775E-01    0.0000000000E+00
        19    0.4475593517E+00    0.4444708067E+00    0.2008061106E+00    0.3864933894E+00    0.1016473725E+00    0.4156103682E+00    0.2461445315E-01   -0.1825166695E-01
        20    0.6828693696E+00    0.6414322478E+00    0.1056874266E+00   -0.1248858983E+00   -0.1465147731E+00    0.9385638786E+00    0.6527963489E-02   -0.1194285302E-01
        21    0.9522744680E+00    0.9702983396E+00    0.2642185666E-01   -0.2460944720E+00    0.0000000000E+00    0.5829926487E+00    0.7041252514E-01   -0.1762440275E-01
        22    0.3664971306E+00    0.3927383325E+00    0.3970502425E+00    0.1624755859E+00    0.1397924010E+00    0.5348062869E-01    0.7560086596E-02    0.0000000000E+00
        23    0.6724321317E+00    0.7010124292E+00    0.5900881321E-01   -0.2869721246E-02   -0.4391639678E-02    0.7754393630E+00    0.3827475007E-01   -0.2496607103E-02
        24    0.4646119970E+00    0.4419680261E+00    0.4323435974E+00    0.1502403846E-03    0.1415430424E+00    0.2196332812E+00    0.1882423775E-01    0.0000000000E+00
        25    0.4396619002E+00    0.4445259852E+00    0.2867585085E+00   -0.3589192082E-01   -0.1284835568E-01    0.1129807746E+01    0.2550642593E-01   -0.2074019566E-02
        26    0.3541765893E+00    0.4193723391E+00    0.1726227968E+00    0.4637920673E+00    0.7360685342E-01    0.9635160438E-01    0.0000000000E+00   -0.1196502377E-01
        27    0.0000000000E+00    0.6846880156E-01    0.3728726318E+00    0.2873569871E+00   -0.4099017513E+01    0.5208856050E+00    0.6527963489E-02   -0.1762129722E-01
        28    0.7734600107E-01    0.8229012445E-01    0.6928950677E+00    0.1028232073E+00    0.4378562649E+00    0.9140642538E+00    0.5279036505E-02   -0.2087881655E-01
        29    0.6337399507E+00    0.6196374246E+00    0.1004030553E+00   -0.1226166200E+00   -0.1501322703E+00    0.8494838459E+00    0.6527963489E-02    0.1364057034E-01
        30    0.7833527589E+00    0.8645228603E+00    0.0000000000E+00    0.2065805288E-03    0.5697246245E+00    0.1748176649E-01    0.2185550309E-01   -0.2220951311E-04
        31    0.1000000000E+01    0.9873047275E+00    0.0000000000E+00    0.0000000000E+00    0.3859268531E+01    0.7745186355E-01    0.0000000000E+00    0.2222119958E-02
        32    0.9030349124E+00    0.8897137219E+00    0.3170622799E-01   -0.3010769869E+00   -0.3043655450E-01    0.4915637332E+00    0.3043416037E-01    0.6801051849E-02
        33    0.1581868218E+00    0.1240751184E+00    0.6751063812E+00    0.1161048318E+00    0.0000000000E+00    0.6231979770E+00    0.5279036505E-02   -0.2814556614E-01
        34    0.4062673064E+00    0.4629573060E+00    0.2867585085E+00   -0.1091917360E-01   -0.1549636569E-01    0.8687561463E+00    0.2187760063E-01    0.0000000000E+00
        35    0.6678368555E+00    0.7132314642E+00    0.0000000000E+00   -0.1124830980E+00   -0.5437857140E-01    0.9098502622E+00    0.5794349863E-02    0.0000000000E+00
        36    0.8085237899E+00    0.7563080796E+00    0.2642185666E-01   -0.1468015972E-02   -0.1270915454E-01    0.4114861685E+00    0.2560865968E-01   -0.1432265407E-03
        37    0.5274269211E+00    0.4922223968E+00    0.1726227968E+00    0.3864933894E+00    0.1641432062E+00    0.2402110419E+00    0.2461445315E-01   -0.1353936901E-01
        38    0.3343038757E-01    0.8072777126E-01    0.7244177696E+00    0.9706234273E-01    0.1478519037E+01    0.1132596794E+01    0.5279036505E-02   -0.2087881655E-01
        39    0.5616516847E-01    0.6951749521E-01    0.8060207930E+00    0.1544381488E-03    0.2553467720E+00    0.5848493301E+00    0.1456213132E-01   -0.6354227903E-04
        40    0.6233070624E+00    0.6283394067E+00    0.0000000000E+00    0.4463432684E-04   -0.1621600423E+00    0.1087070877E+01    0.9095590096E-02    0.0000000000E+00
        41    0.5912133463E+00    0.5880103639E+00    0.7147336140E-01    0.3894230769E+00    0.1496997220E+01    0.3334810402E+00    0.1165427568E-02   -0.1478743068E-01
        42    0.8192085992E+00    0.8384536648E+00    0.0000000000E+00    0.2065805288E-03    0.5344655411E+00    0.1687120168E+00    0.2185550309E-01   -0.2993940384E-04
        43    0.1002716451E+00    0.9704601317E-01    0.5803546084E+00    0.2441074276E+00    0.0000000000E+00    0.6069319591E+00    0.1735061554E-02   -0.4276034107E-02
        44    0.7052999839E+00    0.6931209467E+00    0.7574265576E-01   -0.1621757964E+00   -0.9297179796E-02    0.7058627898E+00    0.0000000000E+00    0.3711746163E-02
        45    0.7350808441E+00    0.7033446500E+00    0.1092103409E+00   -0.1758786895E+00   -0.8504174614E-02    0.9628711207E+00    0.1731634482E-01   -0.2091999175E-01
        46    0.6882458243E+00    0.6976289201E+00    0.0000000000E+00   -0.2150659498E-01   -0.1354172254E-01    0.1149135867E+01    0.2550642593E-01   -0.1791735764E-01
        47    0.2710053822E+00    0.2468480728E+00    0.5029303071E+00    0.2124680739E+00    0.6132944365E-01    0.2053360973E+00    0.5794349863E-02    0.0000000000E+00
        48    0.9592419374E+00    0.9737692061E+00    0.2642185666E-01   -0.4244601764E+00   -0.1646722243E-01    0.2699356221E+00    0.0000000000E+00   -0.2030236215E-01
        49    0.6174797606E+00    0.6188616001E+00    0.2008061106E+00    0.1525878906E-01    0.1831383296E+00    0.4839592983E+00    0.3069872107E-01   -0.4964635320E-02
        50    0.6515066958E+00    0.6556254990E+00    0.1092103409E+00   -0.3458636748E-02   -0.1046594567E-01    0.8528115280E+00    0.3859150536E-01   -0.7912679233E-02
        51    0.1115332898E+00    0.9466295873E-01    0.6751063812E+00    0.2124680739E+00    0.0000000000E+00    0.2374582713E+00    0.5794349863E-02    0.0000000000E+00
        52    0.8554778396E+00    0.8464159134E+00    0.1056874266E+00   -0.4792034302E+00   -0.3274809218E-01    0.7915730295E+00    0.0000000000E+00   -0.1712959067E-01
        53    0.2379619792E+00    0.2018170947E+00    0.5029303071E+00    0.3790763846E+00    0.3322393241E+00    0.5303347768E-01    0.1735061554E-02   -0.5764282688E-02
        54    0.4955890034E+00    0.4965741467E+00    0.3970502425E+00    0.1502403846E-03    0.2487254470E+00    0.9878655364E-01    0.1882423775E-01    0.0000000000E+00
        55    0.6729639773E+00    0.7806036722E+00    0.1726227968E+00    0.2636718750E-01    0.2726231409E+01    0.3045820044E+00    0.2214947194E-01   -0.8152859245E-03
        56    0.4517480741E+00    0.4741259276E+00    0.3838152344E+00    0.0000000000E+00    0.2804890415E+00    0.6331194689E-01    0.0000000000E+00    0.2222119958E-02
        57    0.6265903073E+00    0.5928856936E+00    0.1532467686E+00    0.3171861318E-02   -0.2135429962E-01    0.7561104179E+00    0.2560865968E-01   -0.3541969731E-03
        58    0.1372910467E+00    0.1551257761E+00    0.6751063812E+00    0.2049564670E+00    0.0000000000E+00    0.6017852755E+00    0.4836911945E-01   -0.1954272478E-01
        59    0.5855173488E+00    0.5523517887E+00    0.0000000000E+00    0.4028047542E+00   -0.8792638438E-01    0.3251685031E+00    0.1735061554E-02   -0.1179381740E-01
        60    0.6755498046E+00    0.6931283516E+00    0.1726227968E+00    0.1525878906E-01    0.5864992770E+00    0.2916961011E+00    0.3069872107E-01   -0.3682843314E-02
        61    0.5460771301E+00    0.5579697285E+00    0.1532467686E+00    0.1993564030E+00   -0.3182453345E-01    0.7889315608E+00    0.4309846763E-02   -0.7452117896E-01
        62    0.7284891519E+00    0.7034258249E+00    0.3170622799E-01    0.4753482193E-01   -0.2462312462E-01    0.2172508348E+00    0.4349522969E-02    0.7361438144E-02
        63    0.6798222110E-01    0.2430380464E-01    0.8060207930E+00    0.1153638634E+00    0.4736904095E+00    0.7277279191E+00    0.5279036505E-02   -0.2814556614E-01
        64    0.7387926027E+00    0.7483300422E+00    0.3170622799E-01   -0.2859699529E-02   -0.1023532508E-01    0.4842794438E+00    0.2933427529E-01    0.0000000000E+00
