     Index              y_true              y_pred        descriptor_1        descriptor_2
         1    0.4409666276E+00    0.4631760424E+00    0.4021859595E+00    0.5321492710E+00
         2    0.7424838322E+00    0.7994002370E+00    0.7605347123E-02    0.1539937765E+00
         3    0.7088784800E+00    0.7356468575E+00    0.3156423233E+00   -0.3085005750E-01
         4    0.4845643894E+00    0.4342873872E+00    0.3927224920E+00    0.6123449370E+00
         5    0.7039212836E+00    0.7955131850E+00    0.1614130634E-01    0.1539937765E+00
         6    0.6862391363E+00    0.7088698883E+00    0.2863352884E+00    0.6607306386E-01
         7    0.4035735992E+00    0.5068676502E+00    0.5351646661E+00    0.2803235666E+00
         8    0.2325611125E+00    0.1632503332E+00    0.1438029486E+01    0.1172085558E+00
         9    0.6806239492E+00    0.5815171108E+00    0.3670147278E+00    0.2849655506E+00
        10    0.8332189795E+00    0.7056592112E+00    0.3670147278E+00   -0.1492111137E-01
        11    0.8189209971E+00    0.6881252511E+00    0.1329034407E+00    0.2849655506E+00
        12    0.6127430717E+00    0.6900986918E+00    0.2494453509E+00    0.1519983100E+00
        13    0.6061163367E+00    0.5936671330E+00    0.2863352884E+00    0.3443651953E+00
        14    0.2418758418E-01   -0.5790066178E-01    0.1606112877E+01    0.4665395086E+00
        15    0.6474339979E+00    0.6721305875E+00    0.3670147278E+00    0.6607306386E-01
        16    0.1780865173E+00    0.1591020950E+00    0.1129575208E+01    0.4665395086E+00
        17    0.6188163482E+00    0.6060595619E+00    0.4460450876E+00    0.1387429493E+00
        18    0.1285892075E+00    0.1387483767E+00    0.1491835739E+01    0.1172085558E+00
        19    0.4475593517E+00    0.5455287576E+00    0.4460450876E+00    0.2849655506E+00
        20    0.6828693696E+00    0.6226611944E+00    0.2090421408E+00    0.3593501217E+00
        21    0.9522744680E+00    0.8271885069E+00    0.5155432441E-01    0.3852105053E-01
        22    0.3664971306E+00    0.4219023359E+00    0.7409972299E+00    0.2591491410E+00
        23    0.6724321317E+00    0.7411077608E+00    0.1504187335E+00    0.1377097411E+00
        24    0.4646119970E+00    0.4506667018E+00    0.8068636504E+00    0.1172085558E+00
        25    0.4396619002E+00    0.5146874707E+00    0.5351646661E+00    0.2614334410E+00
        26    0.3541765893E+00    0.5452211906E+00    0.3927224920E+00    0.3443651953E+00
        27    0.0000000000E+00    0.2500083035E+00    0.1027387228E+01    0.3593501217E+00
        28    0.7734600107E-01    0.4559943958E-01    0.1378826838E+01    0.4665395086E+00
        29    0.6337399507E+00    0.6286428513E+00    0.1959064327E+00    0.3593501217E+00
        30    0.7833527589E+00    0.7948191712E+00    0.1782946894E+00   -0.2270393454E-01
        31    0.1000000000E+01    0.7918688891E+00    0.1506668496E+00    0.1481454184E-01
        32    0.9030349124E+00    0.7894215222E+00    0.9631158970E-01    0.8051920812E-01
        33    0.1581868218E+00    0.1864010633E-01    0.1438029486E+01    0.4665395086E+00
        34    0.4062673064E+00    0.5504282727E+00    0.5351646661E+00    0.1750953673E+00
        35    0.6678368555E+00    0.7464425692E+00    0.9058568966E-02    0.2803235666E+00
        36    0.8085237899E+00    0.7762760191E+00    0.5155432441E-01    0.1615089488E+00
        37    0.5274269211E+00    0.5698104692E+00    0.3927224920E+00    0.2849655506E+00
        38    0.3343038757E-01   -0.1473926262E-01    0.1511330521E+01    0.4665395086E+00
        39    0.5616516847E-01    0.2029922465E+00    0.1491835739E+01   -0.3798359575E-01
        40    0.6233070624E+00    0.6807640689E+00    0.2049127890E+00    0.2235350308E+00
        41    0.5912133463E+00    0.6042899505E+00    0.3273959451E+00    0.2735358319E+00
        42    0.8192085992E+00    0.7826979867E+00    0.2049127890E+00   -0.2270393454E-01
        43    0.1002716451E+00    0.7029959109E-01    0.1311156439E+01    0.4813117652E+00
        44    0.7052999839E+00    0.6336898220E+00    0.1984455345E+00    0.3443651953E+00
        45    0.7350808441E+00    0.6546357707E+00    0.2703032221E+00    0.2147207487E+00
        46    0.6882458243E+00    0.6882451334E+00    0.1540323468E+00    0.2614334410E+00
        47    0.2710053822E+00    0.3231553774E+00    0.9385964912E+00    0.2803235666E+00
        48    0.9592419374E+00    0.8775937293E+00    0.5155432441E-01   -0.8324146061E-01
        49    0.6174797606E+00    0.5997462777E+00    0.4460450876E+00    0.1539937765E+00
        50    0.6515066958E+00    0.6806005643E+00    0.2703032221E+00    0.1519983100E+00
        51    0.1115332898E+00    0.9572668971E-01    0.1438029486E+01    0.2803235666E+00
        52    0.8554778396E+00    0.8058779080E+00    0.2090421408E+00   -0.8324146061E-01
        53    0.2379619792E+00    0.2399536206E+00    0.9385964912E+00    0.4813117652E+00
        54    0.4955890034E+00    0.4806605423E+00    0.7409972299E+00    0.1172085558E+00
        55    0.6729639773E+00    0.6303412735E+00    0.3927224920E+00    0.1387429493E+00
        56    0.4517480741E+00    0.5342956060E+00    0.7162973223E+00    0.1481454184E-01
        57    0.6265903073E+00    0.6560172704E+00    0.3156423233E+00    0.1615089488E+00
        58    0.1372910467E+00    0.1483826493E+00    0.1438029486E+01    0.1531240113E+00
        59    0.5855173488E+00    0.6632408123E+00    0.9058568966E-02    0.4813117652E+00
        60    0.6755498046E+00    0.6240279893E+00    0.3927224920E+00    0.1539937765E+00
        61    0.5460771301E+00    0.5087996520E+00    0.3156423233E+00    0.5171385056E+00
        62    0.7284891519E+00    0.6879028788E+00    0.9631158970E-01    0.3257550064E+00
        63    0.6798222110E-01   -0.5861850165E-02    0.1491835739E+01    0.4665395086E+00
        64    0.7387926027E+00    0.8122673515E+00    0.1329034407E+00   -0.1492111137E-01
