     Index              y_true              y_pred        descriptor_1
         1    0.4409666276E+00    0.5958892637E+00    0.4021859595E+00
         2    0.7424838322E+00    0.7936172485E+00    0.7605347123E-02
         3    0.7088784800E+00    0.6392570781E+00    0.3156423233E+00
         4    0.4845643894E+00    0.6006314945E+00    0.3927224920E+00
         5    0.7039212836E+00    0.7893398006E+00    0.1614130634E-01
         6    0.6862391363E+00    0.6539431037E+00    0.2863352884E+00
         7    0.4035735992E+00    0.5292524071E+00    0.5351646661E+00
         8    0.2325611125E+00    0.7681851691E-01    0.1438029486E+01
         9    0.6806239492E+00    0.6135138923E+00    0.3670147278E+00
        10    0.8332189795E+00    0.6135138923E+00    0.3670147278E+00
        11    0.8189209971E+00    0.7308292180E+00    0.1329034407E+00
        12    0.6127430717E+00    0.6724289917E+00    0.2494453509E+00
        13    0.6061163367E+00    0.6539431037E+00    0.2863352884E+00
        14    0.2418758418E-01   -0.7409620885E-02    0.1606112877E+01
        15    0.6474339979E+00    0.6135138923E+00    0.3670147278E+00
        16    0.1780865173E+00    0.2313878011E+00    0.1129575208E+01
        17    0.6188163482E+00    0.5739110500E+00    0.4460450876E+00
        18    0.1285892075E+00    0.4985570717E-01    0.1491835739E+01
        19    0.4475593517E+00    0.5739110500E+00    0.4460450876E+00
        20    0.6828693696E+00    0.6926754130E+00    0.2090421408E+00
        21    0.9522744680E+00    0.7715940106E+00    0.5155432441E-01
        22    0.3664971306E+00    0.4261078106E+00    0.7409972299E+00
        23    0.6724321317E+00    0.7220521432E+00    0.1504187335E+00
        24    0.4646119970E+00    0.3931015396E+00    0.8068636504E+00
        25    0.4396619002E+00    0.5292524071E+00    0.5351646661E+00
        26    0.3541765893E+00    0.6006314945E+00    0.3927224920E+00
        27    0.0000000000E+00    0.2825951406E+00    0.1027387228E+01
        28    0.7734600107E-01    0.1064855100E+00    0.1378826838E+01
        29    0.6337399507E+00    0.6992578375E+00    0.1959064327E+00
        30    0.7833527589E+00    0.7080832445E+00    0.1782946894E+00
        31    0.1000000000E+01    0.7219278099E+00    0.1506668496E+00
        32    0.9030349124E+00    0.7491657321E+00    0.9631158970E-01
        33    0.1581868218E+00    0.7681851691E-01    0.1438029486E+01
        34    0.4062673064E+00    0.5292524071E+00    0.5351646661E+00
        35    0.6678368555E+00    0.7928890257E+00    0.9058568966E-02
        36    0.8085237899E+00    0.7715940106E+00    0.5155432441E-01
        37    0.5274269211E+00    0.6006314945E+00    0.3927224920E+00
        38    0.3343038757E-01    0.4008669207E-01    0.1511330521E+01
        39    0.5616516847E-01    0.4985570717E-01    0.1491835739E+01
        40    0.6233070624E+00    0.6947446693E+00    0.2049127890E+00
        41    0.5912133463E+00    0.6333672298E+00    0.3273959451E+00
        42    0.8192085992E+00    0.6947446693E+00    0.2049127890E+00
        43    0.1002716451E+00    0.1403957712E+00    0.1311156439E+01
        44    0.7052999839E+00    0.6979854701E+00    0.1984455345E+00
        45    0.7350808441E+00    0.6619769200E+00    0.2703032221E+00
        46    0.6882458243E+00    0.7202413282E+00    0.1540323468E+00
        47    0.2710053822E+00    0.3270889979E+00    0.9385964912E+00
        48    0.9592419374E+00    0.7715940106E+00    0.5155432441E-01
        49    0.6174797606E+00    0.5739110500E+00    0.4460450876E+00
        50    0.6515066958E+00    0.6619769200E+00    0.2703032221E+00
        51    0.1115332898E+00    0.7681851691E-01    0.1438029486E+01
        52    0.8554778396E+00    0.6926754130E+00    0.2090421408E+00
        53    0.2379619792E+00    0.3270889979E+00    0.9385964912E+00
        54    0.4955890034E+00    0.4261078106E+00    0.7409972299E+00
        55    0.6729639773E+00    0.6006314945E+00    0.3927224920E+00
        56    0.4517480741E+00    0.4384851621E+00    0.7162973223E+00
        57    0.6265903073E+00    0.6392570781E+00    0.3156423233E+00
        58    0.1372910467E+00    0.7681851691E-01    0.1438029486E+01
        59    0.5855173488E+00    0.7928890257E+00    0.9058568966E-02
        60    0.6755498046E+00    0.6006314945E+00    0.3927224920E+00
        61    0.5460771301E+00    0.6392570781E+00    0.3156423233E+00
        62    0.7284891519E+00    0.7491657321E+00    0.9631158970E-01
        63    0.6798222110E-01    0.4985570717E-01    0.1491835739E+01
        64    0.7387926027E+00    0.7308292180E+00    0.1329034407E+00
