Sample Target mean_A2B mean_A2X mean_X2X std_A2B std_A2X std_B2X A_Rvdw B_Rvdw X_Rvdw B_Rc B_Ra A_Z B_Z X_Z A_EA X_EA A_MP B_MP B_MV X_MV X_G B_Rho B_Hf B_CvM A_IEI A_ChiP A_ChiA OF TF E_coh
Sample1 0.5159430722 0.1514840413 0.4741793218 0.4363726842 0.2441754762 0.9343893476 0.5352914933 0.06470588235 0.5625 0.4772727273 0.6050420168 0.6923076923 0.1282051282 1 0.1346153846 0.7130872483 0.3918128655 0.2001260527 0.07882972101 0.5725888325 0.4242424242 0.9375 0.4513058335 0.07085664336 0 0.410176052 0.7387387387 0.9740338164 0.3005332419 0.3792926114 0
Sample2 0.2888610547 0.2821614448 0.4407173897 0.09823195819 0 0 0 0.5588235294 0.7291666667 0.4772727273 0.8319327731 0.6538461538 0.6794871795 0.8625 0.1346153846 0.2340604027 0.3918128655 0.2211971204 0.633863392 0.3062605753 0.4242424242 0.9375 0.6236270442 0.2115384615 0.006358381503 0.2583884241 0.09009009009 0.5320048309 0.4407820881 0.4530969711 0.6372220496
Sample3 0.3082002436 0.2200049191 0.3932424913 0.02885150425 0 0 0 0.5588235294 0.3020833333 0.4204545455 0.4369747899 0.5769230769 0.6794871795 0 0.1538461538 0.2340604027 0.9385964912 0.2211971204 0.05316337502 0.2920473773 0 1 0 0 1 0.2583884241 0.09009009009 0.5320048309 0.5116627167 0.43742066 0.8281068665
Sample4 0.86801084 0.2105690321 0.3860353997 0.01831896384 0 0 0 0.5588235294 0.3020833333 0 0.4369747899 0.5769230769 0.6794871795 0 0 0.2340604027 0.1923976608 0.2211971204 0.05316337502 0.2920473773 0.01515151515 0 0 0 1 0.2583884241 0.09009009009 0.5320048309 0.5042793679 0.4351874425 0.9472512804
Sample5 0.4189922652 0.3083793884 0.4133661057 0.3142448426 0.05890137805 0.1042090087 0.6791390571 0.5588235294 0.3854166667 0.4772727273 0.3697478992 0.3461538462 0.6794871795 0.3875 0.1346153846 0.2340604027 0.3918128655 0.2211971204 0.06456906796 0.407106599 0.4242424242 0.9375 0.2091286307 0.03225524476 0.05751445087 0.2583884241 0.09009009009 0.5320048309 0.2724834726 0.5734490031 0.7744734327
Sample6 0.4560621929 0.2184930081 0.4036737176 0.2156878629 0.04599749499 0.05727842887 0.7632045421 0.5588235294 0.6041666667 0.4772727273 0.7058823529 0.5384615385 0.6794871795 0.2375 0.1346153846 0.2340604027 0.3918128655 0.2211971204 0.4739969441 0.2115059222 0.4242424242 0.9375 0.1938979741 0.09746503497 0.1161849711 0.2583884241 0.09009009009 0.5320048309 0.3566327803 0.5100410272 0.6965577655
Sample7 0.8285383435 0.3478020946 0.6397963749 0.1744052885 0.5544344438 0.8934079427 0.6957957396 0.3411764706 0.1770833333 0.4772727273 0 0 0.2179487179 0.0375 0.1346153846 0.03976510067 0.3918128655 0.2576193779 1 0.03045685279 0.4242424242 0.9375 0.08454967049 1 0.1696531792 0.4351552918 0.1891891892 0.6243961353 0 0.7073411132 0.7087046048
Sample8 0.491394433 0.3560319969 0.588463689 0.1856401788 0.4012008726 0.8097554118 0.8038848585 0.3411764706 0.6666666667 0.4772727273 0.5294117647 0.5769230769 0.2179487179 0.5875 0.1346153846 0.03976510067 0.3918128655 0.2576193779 0.06770414804 0.4027072758 0.4242424242 0.9375 0.3307298023 0.03627622378 0.03034682081 0.4351552918 0.1891891892 0.6243961353 0.4247536485 0.3658319152 0.7710191117
Sample9 0.6146653346 0.4945778794 0.5159712097 0.4084036097 0.9907333536 0.5635709006 0.8260707943 0.3411764706 0.65625 0.5113636364 0.5966386555 0.5 0.2179487179 0.5 0.1153846154 0.03976510067 0 0.2576193779 0.6123592326 0.1434856176 0.1611570248 0.875 0.5352697095 0.2647727273 0.02543352601 0.4351552918 0.1891891892 0.6243961353 0.2867553709 0.4156465509 0.6900619762
Sample10 0.6079470275 0.3454507595 0.5826335127 0.2394496561 0.2930275247 0.67244714 0.777645071 0.3411764706 0.6770833333 0.5113636364 0.7226890756 0.5 0.2179487179 0.8875 0.1153846154 0.03976510067 0 0.2576193779 0.9702903062 0.1719120135 0.1611570248 0.875 0.9135953136 0.4310314685 0.00289017341 0.4351552918 0.1891891892 0.6243961353 0.3163970057 0.3957864796 0.6624324002
Sample11 0.4561298958 0.3460080082 0.575900287 0.1708609651 0.3964366401 0.8055246589 0.7865216666 0.2647058824 0.6666666667 0.4772727273 0.5294117647 0.5769230769 0.5769230769 0.5875 0.1346153846 0 0.3918128655 0.09268039311 0.06770414804 0.4027072758 0.4242424242 0.9375 0.3307298023 0.03627622378 0.03034682081 1 0.8108108108 0.9178743961 0.4247536485 0.3549808478 0.832544395
Sample12 0.03248394984 0.8594685028 0.8934361966 0.7441110022 0 0.02746961555 0.2626364361 1 0.6354166667 0.8522727273 0.5042016807 0.5 0.6666666667 0.95 0.6538461538 0.7634228188 0.9286549708 0 0.3031888405 0.1969543147 0.5909090909 1 0.916036124 0.08347902098 0.002023121387 0 0 0.3979468599 0.484492297 0.3157944745 0.9844626659
Sample13 0.09660473033 0.7724884526 0.8283820828 0.6823131815 3.98E-16 0.02443460891 0.2870028759 1 0.6354166667 0.7386363636 0.5042016807 0.5 0.6666666667 0.95 0.3076923077 0.7634228188 1 0 0.3031888405 0.1969543147 0.4263085399 1 0.916036124 0.08347902098 0.002023121387 0 0 0.3979468599 0.5352701821 0.3253014445 0.968782839
Sample14 0 1 1 0.8748245446 3.98E-16 0.02556378544 0.2615891204 1 0.6354166667 1 0.5042016807 0.5 0.6666666667 0.95 1 0.7634228188 0.8426900585 0 0.3031888405 0.1969543147 1 1 0.916036124 0.08347902098 0.002023121387 0 0 0.3979468599 0.4176501355 0.3023755729 0.9989602462
Sample15 0.07259475889 0.5441711128 0.8975545719 0.5484320591 0.3008545197 0.3111336125 0.3467157347 1 0.6354166667 0.9090909091 0.5042016807 0.5 0.6666666667 0.95 0.6346153846 0.7634228188 0.5497076023 0 0.3031888405 0.1969543147 0.3595041322 0.9375 0.916036124 0.08347902098 0.002023121387 0 0 0.3979468599 0.478303208 0.3145966167 0.9448468236
Sample16 1 0.282259154 0.5273550589 0.3971276494 0.02542792847 0.08640856651 1 1 0 0 0.1680672269 0.2692307692 0.6666666667 0.0125 0 0.7634228188 0.1923976608 0 0.3661931979 0.01556683587 0.01515151515 0 0.06409567977 0.04278846154 0.4921965318 0 0 0.3979468599 0.004931827559 1 0.9613864833
Sample17 0.2151349396 0.3659139969 0.504687244 0.1917183622 0 0 0 1 0.5625 0.4772727273 0.6050420168 0.6923076923 0.6666666667 1 0.1346153846 0.7634228188 0.3918128655 0 0.07882972101 0.5725888325 0.4242424242 0.9375 0.4513058335 0.07085664336 0 0 0 0.3979468599 0.589045154 0.4544691042 0.8619234169
Sample18 0.3805717748 0.4779299431 0.6437765116 0.4948705155 0.08467087032 0.1476211523 0.8921365044 1 0.3333333333 0.4772727273 0.3697478992 0.3461538462 0.6666666667 0.4 0.1346153846 0.7634228188 0.3918128655 0 0 0.5208121827 0.4242424242 0.9375 0.1261410788 0.01997377622 0.101734104 0 0 0.3979468599 0.184327055 0.7625818592 0.904937482
Sample19 0.2133132035 0.4263789629 0.550870136 0.2592106607 0 0 0 1 0.8125 0.4204545455 0.8403361345 0.8461538462 0.6666666667 0.2125 0.1538461538 0.7634228188 0.9385964912 0 0.2402806859 0.738071066 0 1 0.04954845009 0.04842657343 0.151734104 0 0 0.3979468599 1 0.2825163869 0.8419715351
Sample20 0.7256073259 0.4440761235 0.5643871544 0.2789646129 0 0 0 1 0.8125 0 0.8403361345 0.8461538462 0.6666666667 0.2125 0 0.7634228188 0.1923976608 0 0.2402806859 0.738071066 0.01515151515 0 0.04954845009 0.04842657343 0.151734104 0 0 0.3979468599 0.9869819902 0.2816539384 0.9667826558
Sample21 0.06716992257 0.7151227648 0.7714114626 0.5815127169 0 0 0 1 0.6770833333 0.7386363636 0.5714285714 0.6538461538 0.6666666667 0.5625 0.3076923077 0.7634228188 1 0 0.09292626337 0.2913705584 0.4263085399 1 0.3961435196 0.02805944056 0.03150289017 0 0 0.3979468599 0.654819317 0.2655291006 0.9730555655
Sample22 0.1803989641 0.4196360443 0.5457199225 0.2516840697 0 0 0 1 0.6770833333 0.4204545455 0.5714285714 0.6538461538 0.6666666667 0.5625 0.1538461538 0.7634228188 0.9385964912 0 0.09292626337 0.2913705584 0 1 0.3961435196 0.02805944056 0.03150289017 0 0 0.3979468599 0.974741175 0.2928015141 0.9124953259
Sample23 0.07529198835 0.7700997824 0.836283091 0.6112383729 0.05407745363 0.0409641835 0.2418157238 1 0.6041666667 0.7386363636 0.3697478992 0.4230769231 0.6666666667 0.3625 0.3076923077 0.7634228188 1 0 0.2675570143 0.3126903553 0.4263085399 1 0.233731999 0.2966783217 0.05722543353 0 0 0.3979468599 0.3081268258 0.4648016236 0.9379790998
Sample24 0.3525738643 0.4558853504 0.6045991634 0.388776416 0.01916210552 0.05719179638 0.3875127872 1 0.46875 0.4772727273 0.5294117647 0.5384615385 0.6666666667 0.625 0.1346153846 0.7634228188 0.3918128655 0 0.03425103277 0.7218274112 0.4242424242 0.9375 0.2150353918 0.04160839161 0.02658959538 0 0 0.3979468599 0.6331233629 0.4290826293 0.8880464634
Sample25 0.07736433374 0.7988684093 0.864253148 0.6055015211 0 0.07021367831 1.71E-06 1 0.2083333333 0.8522727273 0.5462184874 0.6153846154 0.6666666667 0.1125 0.6538461538 0.7634228188 0.9286549708 0 0.1859543885 0.3252115059 0.5909090909 1 0.058725897 0.0479020979 0.2604046243 0 0 0.3979468599 0.2692123625 0.4501031394 0.9597362233
Sample26 0.1499367398 0.6988456126 0.7912795571 0.454154507 0 0.07185911103 9.08E-09 1 0.2083333333 0.7386363636 0.5462184874 0.6153846154 0.6666666667 0.1125 0.3076923077 0.7634228188 1 0 0.1859543885 0.3252115059 0.4263085399 1 0.058725897 0.0479020979 0.2604046243 0 0 0.3979468599 0.3021493691 0.4690385752 0.9356317209
Sample27 0.1047338901 0.5276903645 0.5891792759 0.5237036413 0.03680328264 0.1394188115 0.01348800781 1 0.5104166667 0.4204545455 0.5882352941 0.8461538462 0.6666666667 0.9875 0.1538461538 0.7634228188 0.9385964912 0 0.09473431045 0.4693739425 0 1 0.5274591164 0.01550699301 0.002312138728 0 0 0.3979468599 0.873705875 0.3364353873 0.8799630728
Sample28 0.4347856454 0.2261712112 0.3979522799 0.03573445248 0 1.76E-16 1.43E-16 1 0.65625 0.4772727273 0.6302521008 0.5 0.6666666667 0.9 0.1346153846 0.7634228188 0.3918128655 0 0.9035142324 0.1512690355 0.4242424242 0.9375 1 0.2716783217 0.004335260116 0 0 0.3979468599 0.3365972309 0.6277380736 0.7525366164
Sample29 0.3037017519 0.2793152563 0.4385434826 0.0950549812 0 0 0 1 0.5520833333 0.4772727273 0.5294117647 0.5769230769 0.6666666667 0.6 0.1346153846 0.7634228188 0.3918128655 0 0.1805160998 0.4670050761 0.4242424242 0.9375 0.3008054674 0.1467657343 0.02456647399 0 0 0.3979468599 0.3526256705 0.6150725844 0.8449582385
Sample30 0.1782511074 0.6567255438 0.7234396003 0.4919425328 0.002149654579 0.04118606318 0.300290916 1 0.6666666667 0.7954545455 0.5294117647 0.5769230769 0.6666666667 0.5875 0.2884615385 0.7634228188 0.5643274854 0 0.06770414804 0.4027072758 0.2982093664 0.9375 0.3307298023 0.03627622378 0.03034682081 0 0 0.3979468599 0.27749236 0.4777880524 0.9029129948
Sample31 0.02841208036 0.9312357711 0.8677040624 0.9601782294 0.204140962 0.3674213426 0.01886642923 1 1 0.8522727273 1 1 0.6666666667 0.4375 0.6538461538 0.7634228188 0.9286549708 0 0.2218889706 1 0.5909090909 1 0.1022699536 0.03872377622 0.05317919075 0 0 0.3979468599 0.5231322852 0.2952193433 0.9381588289
Sample32 0.4362617954 0.2337044657 0.4037061486 0.04414323349 0 0 0 1 0.6770833333 0.4772727273 0.7226890756 0.5 0.6666666667 0.8875 0.1346153846 0.7634228188 0.3918128655 0 0.9702903062 0.1719120135 0.4242424242 0.9375 0.9135953136 0.4310314685 0.00289017341 0 0 0.3979468599 0.36865411 0.6026642626 0.7263573169
Sample33 0.8201409387 0.2361009092 0.5339484232 0.07799505004 0.4249089135 0.8290485843 0.5772077172 0.1176470588 0.40625 0.4772727273 0.06722689076 0.1153846154 0.5897435897 0.025 0.1346153846 0.4848993289 0.3918128655 0.0405902306 0.589440326 0 0.4242424242 0.9375 0.09397119844 0.4125874126 0.2612716763 0.3710757924 0.8918918919 1 0.08815641761 0.4267854414 0.7437492826
Sample34 0.5352530737 0.2774322253 0.3038703573 0.4777839692 0 0.3488633281 0.8671143065 0.1176470588 0.3541666667 0.4772727273 0.3865546218 0.4615384615 0.5897435897 0.35 0.1346153846 0.4848993289 0.3918128655 0.0405902306 0.01050025465 0.2507614213 0.4242424242 0.9375 0.2620942153 0.02259615385 0.0725433526 0.3710757924 0.8918918919 1 0.36865411 0.243091839 0.805262827
Sample35 0.07018101304 0.7785790264 0.7562877092 0.8875963039 0.1989752507 0.3840934649 0.01274523574 0.6 0.8125 0.8522727273 0.8403361345 0.8461538462 0.2051282051 0.2125 0.6538461538 0.8120805369 0.9286549708 0.01106603197 0.2402806859 0.738071066 0.5909090909 1 0.04954845009 0.04842657343 0.151734104 0.08760112669 0.02702702703 0.443236715 0.6114522583 0.1978047819 0.9360486008
Sample36 0.3414526589 0.2238099021 0.3961487217 0.0330987083 0 0 0 0.6 0.2083333333 0.4204545455 0.5462184874 0.6153846154 0.2051282051 0.1125 0.1538461538 0.8120805369 0.9385964912 0.01106603197 0.1859543885 0.3252115059 0 1 0.058725897 0.0479020979 0.2604046243 0.08760112669 0.02702702703 0.443236715 0.4779842834 0.4693004049 0.8540481582
Sample37 0.9312645901 0.2112488517 0.3865546431 0.01907779307 0 0 0 0.6 0.2083333333 0 0.5462184874 0.6153846154 0.2051282051 0.1125 0 0.8120805369 0.1923976608 0.01106603197 0.1859543885 0.3252115059 0.01515151515 0 0.058725897 0.0479020979 0.2604046243 0.08760112669 0.02702702703 0.443236715 0.4709895319 0.4667862345 0.9757119145
Sample38 0.4728591681 0.2139563193 0.4001339919 0.2131099489 0.04757304912 0.06625865617 0.7578630597 0.6 0.6770833333 0.4772727273 0.7394957983 0.5769230769 0.2051282051 0.475 0.1346153846 0.8120805369 0.3918128655 0.01106603197 0.7029030615 0.2179357022 0.4242424242 0.9375 0.3922382231 0.236013986 0.04132947977 0.08760112669 0.02702702703 0.443236715 0.3846825496 0.5015156966 0.7010240469
Sample39 0.4883533238 0.5077878686 0.5781914895 0.3893072316 0.4101458044 0.6269902438 0.005969696042 0.6 0.5520833333 0.4772727273 0.5294117647 0.5769230769 0.2051282051 0.6 0.1346153846 0.8120805369 0.3918128655 0.01106603197 0.1805160998 0.4670050761 0.4242424242 0.9375 0.3008054674 0.1467657343 0.02456647399 0.08760112669 0.02702702703 0.443236715 0.3526256705 0.524257498 0.8170537245
Sample40 0.4459683542 0.2133854592 0.3881865751 0.02146272041 0 0 0 0.6 0.71875 0.4772727273 0.7899159664 0.5769230769 0.2051282051 0.875 0.1346153846 0.8120805369 0.3918128655 0.01106603197 0.8556957727 0.2186125212 0.4242424242 0.9375 0.7866731755 0.2934440559 0.005202312139 0.08760112669 0.02702702703 0.443236715 0.3846825496 0.5015156966 0.6925548049
Sample41 0.2484827972 0.2540435729 0.4192410749 0.06684618343 0 0 0 0.6 0.5 0.4204545455 0.3865546218 0.5 0.2051282051 0.3375 0.1538461538 0.8120805369 0.9385964912 0.01106603197 0.1207854677 0.1614213198 0 1 0.3224310471 0.03555944056 0.07687861272 0.08760112669 0.02702702703 0.443236715 0.4948235001 0.4586688244 0.8988608275
Sample42 0.5425239005 0.1323602772 0.637778839 0.4202280146 0.007699865484 0.8399745574 0.7567347534 0.4117647059 0.3229166667 0.4772727273 0.3781512605 0.4230769231 0.6923076923 0.125 0.1346153846 0.8053691275 0.3918128655 0.2823231699 0.1889168694 0.1898477157 0.4242424242 0.9375 0.1056870881 0.0673951049 0.2239884393 0.3300045197 0.2792792793 0.6582125604 0.3005332419 0.4536670357 0.6820427079
Sample43 0.6321878713 0.2528795967 0.6713068043 0.3281706233 0.5282156684 0.6720527598 0.8058668532 0.4117647059 0.4895833333 0.5113636364 0.4201680672 0.5 0.6923076923 0.3 0.1153846154 0.8053691275 0 0.2823231699 0.4250466867 0.07715736041 0.1611570248 0.875 0.4083475714 0.1153846154 0.08641618497 0.3300045197 0.2792792793 0.6582125604 0.2645241448 0.4384813558 0.6872023727
Sample44 0.4664079795 0.1300192981 0.4715741385 0.2311737907 0.06497546806 0.6517941474 0.7138368429 0.4117647059 0.5520833333 0.4772727273 0.5294117647 0.5384615385 0.6923076923 0.2625 0.1346153846 0.8053691275 0.3918128655 0.2823231699 0.5416218663 0.09610829103 0.4242424242 0.9375 0.3224310471 0.1573426573 0.09450867052 0.3300045197 0.2792792793 0.6582125604 0.3646470001 0.410478673 0.653453951
Sample45 0.4419305865 0.1710860278 0.513794612 0.3036526654 0.05959551068 0.7082965975 0.6936577973 0.4117647059 0.6458333333 0.4772727273 0.7899159664 0.6923076923 0.6923076923 0.225 0.1346153846 0.8053691275 0.3918128655 0.2823231699 0.4380623621 0.3590524535 0.4242424242 0.9375 0.1195997071 0.09702797203 0.1289017341 0.3300045197 0.2792792793 0.6582125604 0.4688318573 0.3473324424 0.6581268381
Sample46 0.6474659791 0.2016449063 0.4709320709 0.2671287431 0.3778390547 0.7506514061 0.7805449544 0.05294117647 0.3333333333 0.4772727273 0.3613445378 0.3461538462 0 0.375 0.1346153846 1 0.3918128655 0.04817239446 0.2332069492 0.289678511 0.4242424242 0.9375 0.2534537466 0.1874125874 0.0598265896 0.2936939145 0.1711711712 0.5507246377 0.2404265935 0.3182510841 0.8036515242
Sample47 0.5348033942 0.1620725708 0.46335335 0.2605581548 0.3677535353 0.7573246473 0.6950694114 0.05294117647 0.6770833333 0.4772727273 0.7394957983 0.5769230769 0 0.475 0.1346153846 1 0.3918128655 0.04817239446 0.7029030615 0.2179357022 0.4242424242 0.9375 0.3922382231 0.236013986 0.04132947977 0.2936939145 0.1711711712 0.5507246377 0.3846825496 0.2345467238 0.6872152993
Sample48 0.595747945 0.2175864734 0.4888570568 0.231193654 0.002076695647 0.7164722589 0.7386348411 0.05294117647 0.5520833333 0.4772727273 0.5294117647 0.5769230769 0 0.6 0.1346153846 1 0.3918128655 0.04817239446 0.1805160998 0.4670050761 0.4242424242 0.9375 0.3008054674 0.1467657343 0.02456647399 0.2936939145 0.1711711712 0.5507246377 0.3526256705 0.2518122386 0.8021831556
Sample49 0.5384657158 0.1574363192 0.462452514 0.2527027252 0.3741789057 0.7599438468 0.6860916093 0.05294117647 0.71875 0.4772727273 0.7899159664 0.5769230769 0 0.875 0.1346153846 1 0.3918128655 0.04817239446 0.8556957727 0.2186125212 0.4242424242 0.9375 0.7866731755 0.2934440559 0.005202312139 0.2936939145 0.1711711712 0.5507246377 0.3846825496 0.2345467238 0.6794255682
Sample50 0.9260201196 0.1726887803 0.4818743643 0 0.4182186244 0.7913467832 0.567906862 0 0.1770833333 0.4772727273 0 0 0.1153846154 0.0375 0.1346153846 0 0.3918128655 0.1968100437 1 0.03045685279 0.4242424242 0.9375 0.08454967049 1 0.1696531792 0.7357632431 0.4684684685 0.7807971014 0 0.487445312 0.7266009903
Sample51 0.7361050872 0 0.5379862761 0.3760694197 0.0791357602 0.7665011185 0.7609515552 0 0.59375 0.4772727273 0.2941176471 0.3076923077 0.1153846154 0.1375 0.1346153846 0 0.3918128655 0.1968100437 0.40212778 0.2595600677 0.4242424242 0.9375 0.08762509153 0.4126748252 0.1705202312 0.7357632431 0.4684684685 0.7807971014 0.1923412748 0.3373297783 0.7408056139
Sample52 0.6016079643 0.2065910754 0.4551625203 0.2458210714 0.3450787216 0.7611649985 0.6915659701 0 0.6041666667 0.4772727273 0.7058823529 0.5384615385 0.1153846154 0.2375 0.1346153846 0 0.3918128655 0.1968100437 0.4739969441 0.2115059222 0.4242424242 0.9375 0.1938979741 0.09746503497 0.1161849711 0.7357632431 0.4684684685 0.7807971014 0.3566327803 0.2382925587 0.7064470384
Sample53 0.423112419 0.4043559713 0.6327762537 0.2454308971 0.4188316391 0.8378072338 0.8463480809 0.3176470588 0.5625 0.4772727273 0.6050420168 0.6923076923 0.1025641026 1 0.1346153846 0.8859060403 0.3918128655 0.02194203477 0.07882972101 0.5725888325 0.4242424242 0.9375 0.4513058335 0.07085664336 0 0.2441552457 0.1261261261 0.5247584541 0.480853187 0.351038122 0.8418853752
Sample54 0.270745582 0.3194813258 0.5870377111 0.2084638196 0.4886101744 0.8631849746 0.7217791204 0.3176470588 0.6770833333 0.4204545455 0.5714285714 0.6538461538 0.1025641026 0.5625 0.1538461538 0.8859060403 0.9385964912 0.02194203477 0.09292626337 0.2913705584 0 1 0.3961435196 0.02805944056 0.03150289017 0.2441552457 0.1261261261 0.5247584541 0.671635275 0.2759889618 0.9119983064
Sample55 0.2959813214 0.1457972813 0.6270604094 0.3069477812 0.1668289862 0.7871353665 0.8148997219 0.3176470588 0.4895833333 0.4204545455 0.4201680672 0.5 0.1025641026 0.3 0.1538461538 0.8859060403 0.9385964912 0.02194203477 0.4250466867 0.07715736041 0 1 0.4083475714 0.1153846154 0.08641618497 0.2441552457 0.1261261261 0.5247584541 0.4990333042 0.3651726549 0.8595348122
Sample56 0.3819403009 0.1008283934 0.5838560827 0.4020190233 0.1352793222 0.7615269314 0.8031632322 0.3176470588 0.2083333333 0.4204545455 0.5462184874 0.6153846154 0.1025641026 0.1125 0.1538461538 0.8859060403 0.9385964912 0.02194203477 0.1859543885 0.3252115059 0 1 0.058725897 0.0479020979 0.2604046243 0.2441552457 0.1261261261 0.5247584541 0.4779842834 0.3772963429 0.8555736865
Sample57 0.2728894142 0.141272858 0.4984382586 0.291290241 0.06316186236 0.745521423 0.6417969086 0.3176470588 0.5416666667 0.4204545455 0.5294117647 0.5384615385 0.1025641026 0.275 0.1538461538 0.8859060403 0.9385964912 0.02194203477 0.3545922698 0.1001692047 0 1 0.3385403954 0.08662587413 0.1031791908 0.2441552457 0.1261261261 0.5247584541 0.5705999751 0.3260959736 0.8155672228
Sample58 0.4760976244 0.1899309152 0.5188960885 0.3159163991 0.1317089464 0.7155982784 0.7596592737 0.3176470588 0.6770833333 0.4772727273 0.7394957983 0.5769230769 0.1025641026 0.475 0.1346153846 0.8859060403 0.3918128655 0.02194203477 0.7029030615 0.2179357022 0.4242424242 0.9375 0.3922382231 0.236013986 0.04132947977 0.2441552457 0.1261261261 0.5247584541 0.3846825496 0.4088181366 0.6970071925
Sample59 0.5238503831 0.3537638766 0.6027318397 0.2004116421 0.4088919159 0.7958730203 0.8909225391 0.3176470588 0.5520833333 0.4772727273 0.5294117647 0.5769230769 0.1025641026 0.6 0.1346153846 0.8859060403 0.3918128655 0.02194203477 0.1805160998 0.4670050761 0.4242424242 0.9375 0.3008054674 0.1467657343 0.02456647399 0.2441552457 0.1261261261 0.5247584541 0.3526256705 0.4296584496 0.8117628936
Sample60 0.03957885232 0.7499387625 0.7604195014 0.8803738994 0.1761485754 0.07883614299 0.3103418787 0.7647058824 0.6354166667 0.8522727273 0.5042016807 0.5 0.4358974359 0.95 0.6538461538 0.7869127517 0.9286549708 0.00344269512 0.3031888405 0.1969543147 0.5909090909 1 0.916036124 0.08347902098 0.002023121387 0.05553484715 0.02702702703 0.4263285024 0.484492297 0.2773385746 0.9854610159
Sample61 0.007654246581 0.8777889632 0.8533949909 0.9367161393 0.257557023 0.1024326442 0.3233619183 0.7647058824 0.6354166667 1 0.5042016807 0.5 0.4358974359 0.95 1 0.7869127517 0.8426900585 0.00344269512 0.3031888405 0.1969543147 1 1 0.916036124 0.08347902098 0.002023121387 0.05553484715 0.02702702703 0.4263285024 0.4176501355 0.2667080162 1
Sample62 0.2465742021 0.3353467682 0.4813401206 0.1575985627 0 0 0 0.7647058824 0.5625 0.4772727273 0.6050420168 0.6923076923 0.4358974359 1 0.1346153846 0.7869127517 0.3918128655 0.00344269512 0.07882972101 0.5725888325 0.4242424242 0.9375 0.4513058335 0.07085664336 0 0.05553484715 0.02702702703 0.4263285024 0.589045154 0.4018813036 0.8560674367
Sample63 0.3922205405 0.4330594236 0.6006398717 0.439236765 0.1149797804 0.2479304105 0.8566568414 0.7647058824 0.3333333333 0.4772727273 0.3697478992 0.3461538462 0.4358974359 0.4 0.1346153846 0.7869127517 0.3918128655 0.00344269512 0 0.5208121827 0.4242424242 0.9375 0.1261410788 0.01997377622 0.101734104 0.05553484715 0.02702702703 0.4263285024 0.184327055 0.6947315073 0.9040033142
Sample64 0.7214257889 0.4113103572 0.5393607971 0.2423907583 0 0 0 0.7647058824 0.8125 0 0.8403361345 0.8461538462 0.4358974359 0.2125 0 0.7869127517 0.1923976608 0.00344269512 0.2402806859 0.738071066 0.01515151515 0 0.04954845009 0.04842657343 0.151734104 0.05553484715 0.02702702703 0.4263285024 0.704018384 0.3617116548 0.9658409948
Sample65 0.3546175074 0.4370745243 0.5830636585 0.4352771573 0.02789602141 0.1532344655 0.8523315512 0.7647058824 0.46875 0.4772727273 0.5294117647 0.5384615385 0.4358974359 0.625 0.1346153846 0.7869127517 0.3918128655 0.00344269512 0.03425103277 0.7218274112 0.4242424242 0.9375 0.2150353918 0.04160839161 0.02658959538 0.05553484715 0.02702702703 0.4263285024 0.6331233629 0.377752363 0.8867773613
Sample66 0.3151681388 0.2530781104 0.4185036586 0.06576851335 0 0 0 0.7647058824 0.2083333333 0.4204545455 0.5462184874 0.6153846154 0.4358974359 0.1125 0.1538461538 0.7869127517 0.9385964912 0.00344269512 0.1859543885 0.3252115059 0 1 0.058725897 0.0479020979 0.2604046243 0.05553484715 0.02702702703 0.4263285024 0.4779842834 0.4987417048 0.858100035
Sample67 0.01206344592 0.8662826806 0.8154838622 1 0.2244656276 0.3896241333 0.01800254478 0.7647058824 0.5104166667 0.8522727273 0.5882352941 0.8461538462 0.4358974359 0.9875 0.6538461538 0.7869127517 0.9286549708 0.00344269512 0.09473431045 0.4693739425 0.5909090909 1 0.5274591164 0.01550699301 0.002312138728 0.05553484715 0.02702702703 0.4263285024 0.5286522835 0.2548754459 0.9573241569
Sample68 0.0597822585 0.7692478003 0.7485462168 0.8746571354 0.2142501905 0.3910496024 0.01833166197 0.7647058824 0.5104166667 0.7386363636 0.5882352941 0.8461538462 0.4358974359 0.9875 0.3076923077 0.7869127517 1 0.00344269512 0.09473431045 0.4693739425 0.4263085399 1 0.5274591164 0.01550699301 0.002312138728 0.05553484715 0.02702702703 0.4263285024 0.583089836 0.2610829453 0.9381341395
Sample69 0.486733408 0.1963899016 0.3752054382 0.002491912652 0 0 0 0.7647058824 0.65625 0.4772727273 0.6302521008 0.5 0.4358974359 0.9 0.1346153846 0.7869127517 0.3918128655 0.00344269512 0.9035142324 0.1512690355 0.4242424242 0.9375 1 0.2716783217 0.004335260116 0.05553484715 0.02702702703 0.4263285024 0.3365972309 0.56656729 0.7393833758
Sample70 0.3741848874 0.2393461041 0.4080152088 0.05044055197 0 0 0 0.7647058824 0.5520833333 0.4772727273 0.5294117647 0.5769230769 0.4358974359 0.6 0.1346153846 0.7869127517 0.3918128655 0.00344269512 0.1805160998 0.4670050761 0.4242424242 0.9375 0.3008054674 0.1467657343 0.02456647399 0.05553484715 0.02702702703 0.4263285024 0.3526256705 0.5545291935 0.8332544469
Sample71 0.488692761 0.204988957 0.3817733613 0.01209036367 0 0 0 0.7647058824 0.6770833333 0.4772727273 0.7226890756 0.5 0.4358974359 0.8875 0.1346153846 0.7869127517 0.3918128655 0.00344269512 0.9702903062 0.1719120135 0.4242424242 0.9375 0.9135953136 0.4310314685 0.00289017341 0.05553484715 0.02702702703 0.4263285024 0.36865411 0.5427355253 0.7134403218
Sample72 0.4225904075 0.1982617946 0.03397483871 0.004581359992 0 0 0 0.2529411765 0.4479166667 0.4772727273 0.5798319328 0.9230769231 0.9230769231 0.975 0.1346153846 0.2432885906 0.3918128655 1 0.08805387358 0.434179357 0.4242424242 0.9375 0.552355382 0.009982517483 0.002023121387 0.7724864042 1 0 0.3365972309 0.558920942 0.7436665183
Sample73 0.8344923771 0.1936147491 0.4969081597 0.03750598767 0.4141511467 0.8204525921 0.5447669761 0.2470588235 0.40625 0.4772727273 0.06722689076 0.1153846154 0.2307692308 0.025 0.1346153846 0.3036912752 0.3918128655 0.4790033603 0.589440326 0 0.4242424242 0.9375 0.09397119844 0.4125874126 0.2612716763 0.5230646001 0.5135135135 0.7185990338 0.08815641761 0.347076984 0.6646410611
Sample74 0.5607034825 0.5509125059 0.5666136146 0.3817699199 1 0.5173616953 0.8607608466 0.4470588235 0.6770833333 0.5113636364 0.7226890756 0.5 0.4487179487 0.8875 0.1153846154 0.08439597315 0 0.2370328845 0.9702903062 0.1719120135 0.1611570248 0.875 0.9135953136 0.4310314685 0.00289017341 0.3531323561 0.1441441441 0.5815217391 0.3163970057 0.4316055368 0.6661625243
Sample75 0.4839517022 0.2995508764 0.5246392447 0.1260743406 0.3384886446 1 0.6210471362 0.2235294118 0.6770833333 0.4772727273 0.5714285714 0.6538461538 0.2435897436 0.5625 0.1346153846 0.1275167785 0.3918128655 0.5192262012 0.09292626337 0.2913705584 0.4242424242 0.9375 0.3961435196 0.02805944056 0.03150289017 0.5753458636 0.6756756757 0.8333333333 0.6331233629 0.06335448218 0.7556814113
Sample76 0.4261450161 0.1877254091 0 0.0426310734 0 0.0951805766 0.1121352971 0.2235294118 0.5104166667 0.4772727273 0.5882352941 0.8461538462 0.2435897436 0.9875 0.1346153846 0.1275167785 0.3918128655 0.5192262012 0.09473431045 0.4693739425 0.4242424242 0.9375 0.5274591164 0.01550699301 0.002312138728 0.5753458636 0.6756756757 0.8333333333 0.8254646376 0 0.7151711004
Sample77 0.4321106709 0.09538137391 0.4500716042 0.2035845903 0.0518563657 0.6635479652 0.6759343237 0.1352941176 0.5520833333 0.4772727273 0.5294117647 0.5384615385 1 0.2625 0.1346153846 0.322147651 0.3918128655 0.08722655594 0.5416218663 0.09610829103 0.4242424242 0.9375 0.3224310471 0.1573426573 0.09450867052 0.4341815501 0.7477477477 0 0.2644692528 0.6159568799 0.7666631536
Sample78 0.3435818346 0.3713899733 0.3962387118 0.01556577383 0 4.23E-12 2.82E-12 0.1352941176 0.46875 0.4772727273 0.5294117647 0.5384615385 1 0.625 0.1346153846 0.322147651 0.3918128655 0.08722655594 0.03425103277 0.7218274112 0.4242424242 0.9375 0.2150353918 0.04160839161 0.02658959538 0.4341815501 0.7477477477 0 0.6331233629 0.3713360797 0.8934965825
Sample79 0.4776085073 0.06057276576 0.4389230821 0.261590395 0.05589977297 0.6836621597 0.6365767167 0.3470588235 0.5625 0.4772727273 0.6470588235 0.5 0.4615384615 0.25 0.1346153846 0.4966442953 0.3918128655 0.4742526311 0.5424707147 0.1329949239 0.4242424242 0.9375 0.2721503539 0.1617132867 0.1060693642 0.45557524 0.3873873874 0.6763285024 0.3846825496 0.292019211 0.6540466315
Sample80 0.5757396914 0.1837838842 0.3474951379 0.1432487073 0.109296868 0.4894936944 0.5615004997 0.3470588235 0.6770833333 0.5113636364 0.7226890756 0.5 0.4615384615 0.8875 0.1153846154 0.4966442953 0 0.4742526311 0.9702903062 0.1719120135 0.1611570248 0.875 0.9135953136 0.4310314685 0.00289017341 0.45557524 0.3873873874 0.6763285024 0.3312178231 0.292135083 0.6147988851
