     Index              y_true              y_pred        descriptor_1        descriptor_2        descriptor_3        descriptor_4        descriptor_5
         1    0.3042871030E+00    0.3137506066E+00    0.8018783390E+00    0.4981184112E+00    0.1271237162E-01    0.8544160056E+01    0.5591119073E-01
         2    0.5440006929E+00    0.5185902380E+00    0.1179487179E+01    0.6323763747E+00    0.1936969812E-01    0.9712633852E-01    0.8502558890E-02
         3    0.2216411045E+00    0.2907601887E+00    0.7053170731E+00    0.8268632174E+00    0.1120855158E-01    0.2867989459E+01    0.4123771047E-01
         4    0.3465164618E+00    0.3469934094E+00    0.1038937488E+01    0.7093542333E+00    0.5021953878E-01    0.5474321727E+01    0.1194700858E-01
         5    0.4991514814E+00    0.5185218292E+00    0.1179487179E+01    0.6940665303E+00    0.1936969812E-01   -0.1155929309E+01    0.9031867614E-02
         6    0.4039727623E+00    0.4023034999E+00    0.7668817512E+00    0.6571502421E+00    0.1069072288E-01    0.8503112450E+00    0.2217333508E-01
         7    0.2041449015E+00    0.1917894140E+00    0.4489894990E+00    0.7453937562E+00    0.1098603842E+00   -0.7985316647E+00    0.6690660216E-01
         8    0.1071584303E+00    0.1207588674E+00    0.2902267887E+00    0.1278758054E+01    0.3571461332E-02    0.1304837324E+01    0.0000000000E+00
         9    0.4193853010E+00    0.3829851708E+00    0.7668817512E+00    0.7818597767E+00    0.2515379890E-01   -0.9684464162E+00    0.1495820223E-01
        10    0.2067978679E+00    0.3480034062E+00    0.7668817512E+00    0.8046615200E+00    0.1687401357E-01    0.1432840426E+01    0.1495820223E-01
        11    0.5203053127E+00    0.4630797526E+00    0.7668817512E+00    0.3570272963E+00    0.2515379890E-01    0.2766909137E+01    0.4452264900E-02
        12    0.3604263711E+00    0.3692833442E+00    0.8018783390E+00    0.2358983634E+00    0.1525484595E+00    0.7696101014E+00    0.5591119073E-01
        13    0.3534103400E+00    0.3990900314E+00    0.6780984612E+00    0.7255554720E+00    0.1480903283E-01   -0.1932989638E+01    0.2217333508E-01
        14    0.0000000000E+00   -0.2422796188E-01    0.2870338383E+00    0.1805084746E+01    0.0000000000E+00    0.5373212784E+00    0.0000000000E+00
        15    0.4005160987E+00    0.3568396207E+00    0.7668817512E+00    0.8046615200E+00    0.1069072288E-01    0.1264712101E+01    0.1495820223E-01
        16    0.4170447350E-01    0.6097125542E-01    0.4499568230E+00    0.1663460474E+01    0.0000000000E+00    0.2408770880E+00    0.0000000000E+00
        17    0.3601477045E+00    0.3383626814E+00    0.8402217939E+00    0.9120697318E+00    0.1909445241E-01    0.1651612106E+01    0.0000000000E+00
        18    0.5156971410E-01    0.1007963197E+00    0.2826084721E+00    0.1358883204E+01    0.7712067502E-03    0.1091220283E+01    0.0000000000E+00
        19    0.2331452547E+00    0.2945166848E+00    0.7668817512E+00    0.9234706034E+00    0.2515379890E-01    0.2785918654E+01    0.0000000000E+00
        20    0.4158897917E+00    0.4012743504E+00    0.7668817512E+00    0.6561501656E+00    0.1526586691E-01   -0.3974755342E+00    0.4252822204E-01
        21    0.6608317918E+00    0.6234890403E+00    0.1104225909E+01    0.2253172265E+00    0.2158240739E-01    0.4476106634E+00    0.0000000000E+00
        22    0.1869803631E+00    0.1907436361E+00    0.5452762913E+00    0.7702461746E+00    0.1220715329E+00    0.5282270961E+00    0.4513540622E-01
        23    0.4004111965E+00    0.4360468898E+00    0.8402217939E+00    0.4712860319E+00    0.1059172391E-01    0.1894694996E+01    0.5318276373E-01
        24    0.2443533900E+00    0.2265427886E+00    0.4697259618E+00    0.8022503680E+00    0.6876042454E-01    0.4051304333E+00    0.3604932444E-01
        25    0.2256075613E+00    0.2659209912E+00    0.5452762913E+00    0.6409331417E+00    0.7592082113E-01    0.1448671181E+00    0.6690660216E-01
        26    0.1908079149E+00    0.2171630668E+00    0.6780984612E+00    0.9972262424E+00    0.1480903283E-01    0.5138728166E+01    0.1194700858E-01
        27    0.1251388899E+00    0.1741216870E+00    0.4627319979E+00    0.1256710501E+01    0.9922575374E-04    0.1096604927E+01    0.0000000000E+00
        28    0.2600511792E-01    0.6180127654E-01    0.3080321809E+00    0.1534121318E+01    0.1311439317E-02    0.4981706324E+00    0.3032686215E-03
        29    0.3868232049E+00    0.3808070676E+00    0.7668817512E+00    0.6384488123E+00    0.1526586691E-01   -0.3779235848E+00    0.7575889484E-01
        30    0.6749880415E+00    0.6618565345E+00    0.9749748764E+00    0.0000000000E+00    0.2824349342E-01    0.0000000000E+00    0.0000000000E+00
        31    0.8138401227E+00    0.7960219993E+00    0.1429963152E+01    0.0000000000E+00    0.0000000000E+00    0.0000000000E+00    0.0000000000E+00
        32    0.7624289820E+00    0.7489820783E+00    0.1610146147E+01    0.1689129141E+00    0.2272676034E-01   -0.1016333341E+01    0.3898909183E-01
        33    0.7277824809E-01    0.4799315211E-01    0.3192915905E+00    0.1565376238E+01    0.6073280358E-02    0.6521739130E+00    0.0000000000E+00
        34    0.2073173109E+00    0.2238677203E+00    0.5175299314E+00    0.6842460794E+00    0.6228808480E-01    0.2536985088E+01    0.6690660216E-01
        35    0.4134694955E+00    0.4232923905E+00    0.7053170731E+00    0.4503344301E+00    0.2816779341E-01   -0.1011712813E+00    0.5357187252E-01
        36    0.5232340568E+00    0.5413038205E+00    0.8018783390E+00    0.3421761609E+00    0.1123240204E-01   -0.3954735907E+00    0.0000000000E+00
        37    0.3032882364E+00    0.3139520713E+00    0.7668817512E+00    0.8290633856E+00    0.2515379890E-01    0.2785918654E+01    0.1194700858E-01
        38    0.3956928830E-02    0.2041571707E-01    0.2870338383E+00    0.1664733869E+01    0.0000000000E+00    0.3989304096E+00    0.1091443663E-05
        39    0.1229490256E-01   -0.3189740024E-01    0.2216329106E+00    0.1718128189E+01    0.1036926211E-03    0.1772183916E+01    0.0000000000E+00
        40    0.1000000000E+01    0.1018927730E+01    0.3064206754E+01    0.0000000000E+00    0.1538928838E+00   -0.2736115765E-01    0.0000000000E+00
        41    0.3552968032E+00    0.3550818864E+00    0.5506085598E+00    0.2872022858E+00    0.4305616767E-01    0.1709619067E+01    0.1045296175E+00
        42    0.6780052156E+00    0.6618565345E+00    0.9749748764E+00    0.0000000000E+00    0.2824349342E-01    0.0000000000E+00    0.0000000000E+00
        43    0.3343240781E-01    0.1016238601E-02    0.2455266806E+00    0.1502456907E+01    0.3207735646E-02    0.4016142213E+01    0.9789986385E-03
        44    0.4450068698E+00    0.4337823181E+00    0.6780984612E+00    0.4674857414E+00    0.1480903283E-01    0.1015973575E+01    0.2051913389E-01
        45    0.4688117672E+00    0.4483150908E+00    0.9290728342E+00    0.5795943126E+00    0.4645358224E-02    0.3858245998E+00    0.5899202109E-01
        46    0.5775704050E+00    0.5342424927E+00    0.1179487179E+01    0.6029951311E+00    0.1950273053E-01   -0.5223131498E+00    0.1179412422E-01
        47    0.1310201978E+00    0.8740492711E-01    0.4489894990E+00    0.1187284058E+01    0.1098603842E+00    0.6400507461E+00    0.0000000000E+00
        48    0.8829183663E+00    0.9095134220E+00    0.2220586170E+01    0.8850676674E-01    0.4589126657E-01   -0.2413125105E+00    0.0000000000E+00
        49    0.3627275498E+00    0.3481271072E+00    0.8402217939E+00    0.9348714751E+00    0.1933303522E-01    0.5380343057E+00    0.0000000000E+00
        50    0.3921373369E+00    0.3935811285E+00    0.8018783390E+00    0.6251977992E+00    0.1075062272E-01    0.7296222393E+00    0.5899202109E-01
        51    0.4076677241E-01   -0.2771235231E-01    0.2816797770E+00    0.1712359923E+01    0.5706220065E-02    0.2153358705E+01    0.0000000000E+00
        52    0.7967112551E+00    0.8007364361E+00    0.2220586170E+01    0.3540270669E+00    0.4589126657E-01   -0.5299781017E+00    0.4252822204E-01
        53    0.6816873729E-01    0.1268990373E+00    0.3678042909E+00    0.1126136381E+01    0.6175770765E-01    0.1238394584E+01    0.0000000000E+00
        54    0.2701456893E+00    0.2323506339E+00    0.4697259618E+00    0.7600548951E+00    0.6876042454E-01    0.4051304333E+00    0.4513540622E-01
        55    0.4126468375E+00    0.3577980680E+00    0.8402217939E+00    0.8176625139E+00    0.1909445241E-01    0.1651612106E+01    0.1194700858E-01
        56    0.2412652736E+00    0.2403868859E+00    0.4924705873E+00    0.7646141517E+00    0.0000000000E+00    0.7195220844E+00    0.1244321199E+00
        57    0.3852392283E+00    0.3367252491E+00    0.8018783390E+00    0.7670086412E+00    0.1123240204E-01    0.2508433263E+01    0.4123771047E-01
        58    0.5205698419E-01    0.1014389972E+00    0.3421336016E+00    0.1286107238E+01    0.3972556801E-02    0.3195041674E+01    0.0000000000E+00
        59    0.3680806173E+00    0.3332948519E+00    0.5874225042E+00    0.5871448898E+00    0.1583444626E-01    0.2118927677E+01    0.5357187252E-01
        60    0.4146590585E+00    0.3675624938E+00    0.8402217939E+00    0.8404642572E+00    0.1933303522E-01    0.5380343057E+00    0.1194700858E-01
        61    0.3626837726E+00    0.3206605292E+00    0.1038937488E+01    0.7071540651E+00    0.3409967678E-01    0.6847911696E+01    0.4123771047E-01
        62    0.4620766013E+00    0.4856039630E+00    0.8824163381E+00    0.3684281680E+00    0.4751183893E-02    0.2437202013E+01    0.3898909183E-01
        63    0.2163384203E-01    0.2063179828E-01    0.3080321809E+00    0.1663460474E+01    0.1311439317E-02    0.6428661272E+00    0.0000000000E+00
        64    0.4649159157E+00    0.5116117240E+00    0.7668817512E+00    0.3798290396E+00    0.1687401357E-01   -0.3287580372E+00    0.4452264900E-02
