     Index              y_true              y_pred        descriptor_1
         1    0.3042871030E+00    0.2803974527E+00    0.4400759941E+00
         2    0.5440006929E+00    0.4150686470E+00    0.3317366264E+00
         3    0.2216411045E+00    0.3425979471E+00    0.3900373629E+00
         4    0.3465164618E+00    0.4648710818E+00    0.2916719019E+00
         5    0.4991514814E+00    0.4150686470E+00    0.3317366264E+00
         6    0.4039727623E+00    0.3641068290E+00    0.3727340436E+00
         7    0.2041449015E+00    0.2441294530E+00    0.4692526282E+00
         8    0.1071584303E+00    0.2643133760E+00    0.4530152029E+00
         9    0.4193853010E+00    0.3773520557E+00    0.3620786136E+00
        10    0.2067978679E+00    0.3641068290E+00    0.3727340436E+00
        11    0.5203053127E+00    0.3773520557E+00    0.3620786136E+00
        12    0.3604263711E+00    0.4185073867E+00    0.3289702525E+00
        13    0.3534103400E+00    0.3283299593E+00    0.4015155768E+00
        14    0.0000000000E+00   -0.1017308457E+00    0.7474879723E+00
        15    0.4005160987E+00    0.3641068290E+00    0.3727340436E+00
        16    0.4170447350E-01   -0.7963570164E-02    0.6720547113E+00
        17    0.3601477045E+00    0.3842774898E+00    0.3565072874E+00
        18    0.5156971410E-01    0.1307880215E+00    0.5604327732E+00
        19    0.2331452547E+00    0.3773520557E+00    0.3620786136E+00
        20    0.4158897917E+00    0.3485474527E+00    0.3852511450E+00
        21    0.6608317918E+00    0.4596909162E+00    0.2958392064E+00
        22    0.1869803631E+00    0.3006074424E+00    0.4238175989E+00
        23    0.4004111965E+00    0.3641068290E+00    0.3727340436E+00
        24    0.2443533900E+00    0.3066526422E+00    0.4189543976E+00
        25    0.2256075613E+00    0.2991176348E+00    0.4250161092E+00
        26    0.1908079149E+00    0.2933989469E+00    0.4296166404E+00
        27    0.1251388899E+00    0.2917175476E+00    0.4309692811E+00
        28    0.2600511792E-01   -0.1994180362E-01    0.6816908792E+00
        29    0.3868232049E+00    0.3485474527E+00    0.3852511450E+00
        30    0.6749880415E+00    0.8274336867E+00    0.0000000000E+00
        31    0.8138401227E+00    0.8274336867E+00    0.0000000000E+00
        32    0.7624289820E+00    0.5439000262E+00    0.2280952335E+00
        33    0.7277824809E-01    0.1460605956E+00    0.5481463965E+00
        34    0.2073173109E+00    0.2749816927E+00    0.4444328280E+00
        35    0.4134694955E+00    0.2803974527E+00    0.4400759941E+00
        36    0.5232340568E+00    0.3756536183E+00    0.3634449610E+00
        37    0.3032882364E+00    0.3773520557E+00    0.3620786136E+00
        38    0.3956928830E-02   -0.1017308457E+00    0.7474879723E+00
        39    0.1229490256E-01   -0.4189520583E-01    0.6993518031E+00
        40    0.1000000000E+01    0.8274336867E+00    0.0000000000E+00
        41    0.3552968032E+00    0.3842774898E+00    0.3565072874E+00
        42    0.6780052156E+00    0.8274336867E+00    0.0000000000E+00
        43    0.3343240781E-01    0.1263458191E+00    0.5640064060E+00
        44    0.4450068698E+00    0.4007060023E+00    0.3432909893E+00
        45    0.4688117672E+00    0.4007060023E+00    0.3432909893E+00
        46    0.5775704050E+00    0.4389618937E+00    0.3125151496E+00
        47    0.1310201978E+00    0.1670235460E+00    0.5312822646E+00
        48    0.8829183663E+00    0.8274336867E+00    0.0000000000E+00
        49    0.3627275498E+00    0.3706334289E+00    0.3674835689E+00
        50    0.3921373369E+00    0.3722945354E+00    0.3661472532E+00
        51    0.4076677241E-01    0.9870177386E-01    0.5862452998E+00
        52    0.7967112551E+00    0.8274336867E+00    0.0000000000E+00
        53    0.6816873729E-01    0.1906786610E+00    0.5122523583E+00
        54    0.2701456893E+00    0.3066526422E+00    0.4189543976E+00
        55    0.4126468375E+00    0.3842774898E+00    0.3565072874E+00
        56    0.2412652736E+00    0.2946978814E+00    0.4285716824E+00
        57    0.3852392283E+00    0.3756536183E+00    0.3634449610E+00
        58    0.5205698419E-01    0.2606241729E+00    0.4559830680E+00
        59    0.3680806173E+00    0.2298214639E+00    0.4807630221E+00
        60    0.4146590585E+00    0.3706334289E+00    0.3674835689E+00
        61    0.3626837726E+00    0.4144178523E+00    0.3322601733E+00
        62    0.4620766013E+00    0.3706334289E+00    0.3674835689E+00
        63    0.2163384203E-01   -0.1994180362E-01    0.6816908792E+00
        64    0.4649159157E+00    0.3641068290E+00    0.3727340436E+00
