     Index              y_true              y_pred        descriptor_1        descriptor_2
         1    0.3042871030E+00    0.4222564591E+00    0.8018783390E+00    0.4981184112E+00
         2    0.5440006929E+00    0.4819153819E+00    0.1179487179E+01    0.6323763747E+00
         3    0.2216411045E+00    0.3131088584E+00    0.7053170731E+00    0.8268632174E+00
         4    0.3465164618E+00    0.4268804631E+00    0.1038937488E+01    0.7093542333E+00
         5    0.4991514814E+00    0.4659622974E+00    0.1179487179E+01    0.6940665303E+00
         6    0.4039727623E+00    0.3723838931E+00    0.7668817512E+00    0.6571502421E+00
         7    0.2041449015E+00    0.2701113783E+00    0.4489894990E+00    0.7453937562E+00
         8    0.1071584303E+00    0.9250276116E-01    0.2902267887E+00    0.1278758054E+01
         9    0.4193853010E+00    0.3401339868E+00    0.7668817512E+00    0.7818597767E+00
        10    0.2067978679E+00    0.3342374523E+00    0.7668817512E+00    0.8046615200E+00
        11    0.5203053127E+00    0.4499957366E+00    0.7668817512E+00    0.3570272963E+00
        12    0.3604263711E+00    0.4900666069E+00    0.8018783390E+00    0.2358983634E+00
        13    0.3534103400E+00    0.3325041463E+00    0.6780984612E+00    0.7255554720E+00
        14    0.0000000000E+00   -0.4440344180E-01    0.2870338383E+00    0.1805084746E+01
        15    0.4005160987E+00    0.3342374523E+00    0.7668817512E+00    0.8046615200E+00
        16    0.4170447350E-01    0.3294094235E-01    0.4499568230E+00    0.1663460474E+01
        17    0.3601477045E+00    0.3247919900E+00    0.8402217939E+00    0.9120697318E+00
        18    0.5156971410E-01    0.6987829231E-01    0.2826084721E+00    0.1358883204E+01
        19    0.2331452547E+00    0.3035134036E+00    0.7668817512E+00    0.9234706034E+00
        20    0.4158897917E+00    0.3726425131E+00    0.7668817512E+00    0.6561501656E+00
        21    0.6608317918E+00    0.5683704419E+00    0.1104225909E+01    0.2253172265E+00
        22    0.1869803631E+00    0.2877500774E+00    0.5452762913E+00    0.7702461746E+00
        23    0.4004111965E+00    0.4387787277E+00    0.8402217939E+00    0.4712860319E+00
        24    0.2443533900E+00    0.2605910383E+00    0.4697259618E+00    0.8022503680E+00
        25    0.2256075613E+00    0.3211904491E+00    0.5452762913E+00    0.6409331417E+00
        26    0.1908079149E+00    0.2622500402E+00    0.6780984612E+00    0.9972262424E+00
        27    0.1251388899E+00    0.1413195291E+00    0.4627319979E+00    0.1256710501E+01
        28    0.2600511792E-01    0.3091598789E-01    0.3080321809E+00    0.1534121318E+01
        29    0.3868232049E+00    0.3772200860E+00    0.7668817512E+00    0.6384488123E+00
        30    0.6749880415E+00    0.5943330240E+00    0.9749748764E+00    0.0000000000E+00
        31    0.8138401227E+00    0.7080509873E+00    0.1429963152E+01    0.0000000000E+00
        32    0.7624289820E+00    0.7094043022E+00    0.1610146147E+01    0.1689129141E+00
        33    0.7277824809E-01    0.2564759254E-01    0.3192915905E+00    0.1565376238E+01
        34    0.2073173109E+00    0.3030549012E+00    0.5175299314E+00    0.6842460794E+00
        35    0.4134694955E+00    0.4104792651E+00    0.7053170731E+00    0.4503344301E+00
        36    0.5232340568E+00    0.4625831508E+00    0.8018783390E+00    0.3421761609E+00
        37    0.3032882364E+00    0.3279271258E+00    0.7668817512E+00    0.8290633856E+00
        38    0.3956928830E-02   -0.8108681793E-02    0.2870338383E+00    0.1664733869E+01
        39    0.1229490256E-01   -0.3826251000E-01    0.2216329106E+00    0.1718128189E+01
        40    0.1000000000E+01    0.1116507345E+01    0.3064206754E+01    0.0000000000E+00
        41    0.3552968032E+00    0.4139980330E+00    0.5506085598E+00    0.2872022858E+00
        42    0.6780052156E+00    0.5943330240E+00    0.9749748764E+00    0.0000000000E+00
        43    0.3343240781E-01    0.2348203322E-01    0.2455266806E+00    0.1502456907E+01
        44    0.4450068698E+00    0.3992410214E+00    0.6780984612E+00    0.4674857414E+00
        45    0.4688117672E+00    0.4329772647E+00    0.9290728342E+00    0.5795943126E+00
        46    0.5775704050E+00    0.4895133763E+00    0.1179487179E+01    0.6029951311E+00
        47    0.1310201978E+00    0.1558384732E+00    0.4489894990E+00    0.1187284058E+01
        48    0.8829183663E+00    0.8827683010E+00    0.2220586170E+01    0.8850676674E-01
        49    0.3627275498E+00    0.3188954554E+00    0.8402217939E+00    0.9348714751E+00
        50    0.3921373369E+00    0.3893937084E+00    0.8018783390E+00    0.6251977992E+00
        51    0.4076677241E-01   -0.2176296006E-01    0.2816797770E+00    0.1712359923E+01
        52    0.7967112551E+00    0.8141047075E+00    0.2220586170E+01    0.3540270669E+00
        53    0.6816873729E-01    0.1513601640E+00    0.3678042909E+00    0.1126136381E+01
        54    0.2701456893E+00    0.2715027946E+00    0.4697259618E+00    0.7600548951E+00
        55    0.4126468375E+00    0.3492057122E+00    0.8402217939E+00    0.8176625139E+00
        56    0.2412652736E+00    0.2760084714E+00    0.4924705873E+00    0.7646141517E+00
        57    0.3852392283E+00    0.3527214012E+00    0.8018783390E+00    0.7670086412E+00
        58    0.5205698419E-01    0.1035756437E+00    0.3421336016E+00    0.1286107238E+01
        59    0.3680806173E+00    0.3456339571E+00    0.5874225042E+00    0.5871448898E+00
        60    0.4146590585E+00    0.3433091776E+00    0.8402217939E+00    0.8404642572E+00
        61    0.3626837726E+00    0.4274494270E+00    0.1038937488E+01    0.7071540651E+00
        62    0.4620766013E+00    0.4759237252E+00    0.8824163381E+00    0.3684281680E+00
        63    0.2163384203E-01   -0.2531139250E-02    0.3080321809E+00    0.1663460474E+01
        64    0.4649159157E+00    0.4440992020E+00    0.7668817512E+00    0.3798290396E+00
