        Rank        RMSE       MaxAE  Feature_ID
           1    0.045087    0.114066  (       2      46      81)
           2    0.045519    0.111757  (      20      46      88)
           3    0.045519    0.111757  (      20      42      46)
           4    0.045643    0.135573  (       5      12      88)
           5    0.045643    0.135573  (       5      12      42)
           6    0.046013    0.132444  (       5      12      45)
           7    0.046047    0.110393  (      15      46      81)
           8    0.046100    0.121701  (       2      46      88)
           9    0.046100    0.121701  (       2      42      46)
          10    0.046109    0.115124  (       2      46      90)
          11    0.046109    0.115124  (       2      46      80)
          12    0.046135    0.132331  (      20      46      55)
          13    0.046154    0.112220  (       2      45      46)
          14    0.046173    0.115558  (       2      41      46)
          15    0.046173    0.115558  (       2      46     100)
          16    0.046197    0.121916  (       2      46      87)
          17    0.046227    0.132711  (       5      11      41)
          18    0.046227    0.132711  (       5      11     100)
          19    0.046370    0.156869  (      25      42      46)
          20    0.046370    0.156869  (      25      46      88)
          21    0.046415    0.109721  (       2      46      92)
          22    0.046434    0.137105  (       1      47      50)
          23    0.046441    0.126439  (       2      46      82)
          24    0.046488    0.125991  (       2      46      83)
          25    0.046504    0.133889  (      25      46      53)
          26    0.046510    0.114567  (      20      46     100)
          27    0.046510    0.114567  (      20      41      46)
          28    0.046528    0.127780  (       2      46      86)
          29    0.046584    0.126832  (       2      46      84)
          30    0.046600    0.117383  (      20      45      46)
          31    0.046614    0.125769  (       2      46      85)
          32    0.046670    0.114462  (       2      46      99)
          33    0.046670    0.114462  (       2      43      46)
          34    0.046678    0.129197  (       2      46      94)
          35    0.046694    0.129879  (       2      46      89)
          36    0.046729    0.115167  (       2      46     103)
          37    0.046761    0.116353  (       2      46     108)
          38    0.046837    0.148348  (       1      12      42)
          39    0.046837    0.148348  (       1      12      88)
          40    0.046842    0.105335  (      15      46      92)
          41    0.046842    0.118953  (       2      46      48)
          42    0.046853    0.136830  (       5      12      41)
          43    0.046853    0.136830  (       5      12     100)
          44    0.046873    0.105060  (       2      46     106)
          45    0.046905    0.118570  (      15      46      87)
          46    0.046926    0.125573  (       2      46      91)
          47    0.046929    0.131407  (       2      46     116)
          48    0.047074    0.121563  (       2      46      93)
          49    0.047081    0.120120  (       5      47      50)
          50    0.047082    0.123301  (       2      46      96)
          51    0.047085    0.123826  (       2      46      95)
          52    0.047121    0.144967  (       1      12      45)
          53    0.047124    0.118563  (      20      46      50)
          54    0.047132    0.148104  (       5      18      88)
          55    0.047132    0.148104  (       5      18      42)
          56    0.047151    0.114412  (      20      46      53)
          57    0.047153    0.126262  (       2      46     119)
          58    0.047187    0.104294  (       2      46     105)
          59    0.047190    0.123758  (       2      46      97)
          60    0.047203    0.125598  (       2      46      98)
          61    0.047242    0.149363  (       1      12     100)
          62    0.047242    0.149363  (       1      12      41)
          63    0.047265    0.129366  (       2      45      62)
          64    0.047294    0.126547  (       2      46     101)
          65    0.047300    0.130007  (       5      22      41)
          66    0.047300    0.130007  (       5      22     100)
          67    0.047300    0.134938  (       5      35      88)
          68    0.047300    0.134938  (       5      35      42)
          69    0.047312    0.112245  (       2      46     114)
          70    0.047314    0.103935  (      20      46      81)
          71    0.047316    0.124003  (       2      46     102)
          72    0.047324    0.130162  (       5       6      45)
          73    0.047334    0.127589  (       1      46      50)
          74    0.047335    0.125392  (       2      46     104)
          75    0.047339    0.113625  (       2      46      64)
          76    0.047344    0.118181  (       2      46     111)
          77    0.047368    0.130097  (       1      47     100)
          78    0.047368    0.130097  (       1      41      47)
          79    0.047431    0.123937  (       2      46     107)
          80    0.047434    0.117814  (       2      46      52)
          81    0.047447    0.122241  (       2      46     112)
          82    0.047448    0.123755  (       2      46     117)
          83    0.047452    0.130359  (       1      12      99)
          84    0.047452    0.130359  (       1      12      43)
          85    0.047454    0.126335  (       2      45      47)
          86    0.047455    0.161752  (       2      46     109)
          87    0.047516    0.124853  (       2      46     110)
          88    0.047528    0.119236  (       2      62     108)
          89    0.047543    0.132503  (       2      41      62)
          90    0.047543    0.132503  (       2      62     100)
          91    0.047544    0.130781  (       2      47      48)
          92    0.047548    0.137153  (       2      62     109)
          93    0.047560    0.118474  (       2      46     120)
          94    0.047577    0.123382  (       2      46     113)
          95    0.047580    0.114797  (       1      46     100)
          96    0.047580    0.114797  (       1      41      46)
          97    0.047581    0.120096  (      15      46      96)
          98    0.047593    0.133314  (       5      33      88)
          99    0.047593    0.133314  (       5      33      42)
         100    0.047621    0.143362  (       2      52      62)
