Model_ID, [(c_i,i=0,n)_j,j=1,ntask]
           1    0.9749733518E+00   -0.3348874953E+00   -0.3184712892E+00    0.7938232908E-01   -0.1290603223E-01   -0.5091043866E+00
           2    0.8829312988E+00   -0.4161920693E+00   -0.2810320486E+00    0.7742786405E-01   -0.1199910167E-01    0.1036993374E+01
           3    0.9134177272E+00   -0.3120276301E+00   -0.1888841337E+00    0.6716200543E-01   -0.1024217561E-01    0.3935898059E+00
           4    0.9606478859E+00   -0.3402048082E+00   -0.2361894338E+00    0.9419067688E-01   -0.1334392395E-01   -0.1092490348E-01
           5    0.9748301428E+00   -0.3809481840E+00   -0.2772532337E+00    0.9654919773E-01   -0.2038616784E-01   -0.3385183393E+00
           6    0.9388152541E+00   -0.3667578662E+00   -0.4260297881E+00   -0.5822645684E+00    0.7411786805E-01   -0.1053788880E-01
           7    0.8826199338E+00   -0.3945320416E+00   -0.2914708582E+00    0.6847645547E-01   -0.1096356806E-01    0.3593174923E+00
           8    0.9105765055E+00   -0.2890416884E+00   -0.2003162788E+00    0.7851741652E-01   -0.1174530234E-01    0.1005026863E+01
           9    0.9083297382E+00   -0.2956130673E+00   -0.1920022070E+00    0.6950663991E-01   -0.1069697849E-01    0.3574677442E+00
          10    0.9025057508E+00   -0.3490012764E+00   -0.2924933818E+00    0.9252623979E-01   -0.1566768467E-01    0.8224891463E-01
          11    0.9365702319E+00   -0.3787228267E+00   -0.3009159108E+00    0.8526205075E-01   -0.1744386529E-01    0.4684237161E+00
          12    0.9581865748E+00   -0.3413737965E+00   -0.1174990559E+00    0.9049421280E-01   -0.1324732415E-01   -0.1139430103E-01
          13    0.9311380011E+00   -0.3726526218E+00   -0.2899870212E+00    0.8703761052E-01   -0.1768017093E-01    0.5327085910E+00
          14    0.9745644454E+00   -0.3328172686E+00   -0.3245518794E+00    0.8253600392E-01   -0.1291962655E-01   -0.4526306315E+00
          15    0.8776761161E+00   -0.2851808818E+00   -0.1810771343E+00    0.8270584438E-01   -0.1029311177E-01    0.1038131928E+00
          16    0.8801308992E+00   -0.2972563149E+00   -0.1781562407E+00    0.8185088850E-01   -0.9810985179E-02    0.1123473429E+00
          17    0.9553226847E+00   -0.3377856709E+00   -0.2338075490E+00    0.9037421131E-01   -0.1342596928E-01   -0.1067579815E-01
          18    0.8769183786E+00   -0.4516580216E+00   -0.2503407116E+00    0.7854061212E-01   -0.1292189812E-01    0.9909110478E+00
          19    0.9047813886E+00   -0.3495304447E+00   -0.2976508266E+00    0.8452566977E-01   -0.1128180382E-01    0.9052992575E-01
          20    0.9068167720E+00   -0.3680232213E+00   -0.2783729992E+00    0.9051366475E-01   -0.1597059759E-01    0.7159928600E-01
          21    0.9968308975E+00   -0.3779517544E+00   -0.2826373820E+00    0.9316812550E-01   -0.1905233403E-01    0.8045573479E-01
          22    0.9372707991E+00   -0.3680795960E+00   -0.3045127040E+00    0.8459561981E-01   -0.1808799846E-01    0.3881298237E+00
          23    0.9424911684E+00   -0.3728565468E+00   -0.4400124543E+00   -0.4381920392E+00    0.7933996941E-01   -0.1134676851E-01
          24    0.9355417082E+00   -0.3745094483E+00   -0.2909921792E+00    0.8459013691E-01   -0.1858503414E-01    0.2403933888E+00
          25    0.9605001897E+00   -0.1592881502E+00   -0.2586624922E+00    0.9733614304E-01   -0.1319597303E-01   -0.1219928615E-01
          26    0.9396262015E+00   -0.3966167166E+00   -0.3573125529E+00   -0.6303763767E+00    0.7976548881E-01   -0.1346058310E-01
          27    0.9671250943E+00   -0.3787266886E+00   -0.2887708118E+00    0.8226370314E-01   -0.1278495245E-01   -0.9984422334E-02
          28    0.9634280762E+00   -0.3360987886E+00   -0.3141160465E+00    0.9109457360E-01   -0.1729789799E-01   -0.3844795050E+00
          29    0.9989869438E+00   -0.3789874992E+00   -0.2819972926E+00    0.8954588330E-01   -0.1904493628E-01   -0.7704958588E-01
          30    0.9388722001E+00   -0.3815248242E+00   -0.2721521325E+00    0.8898498030E-01   -0.1689698820E-01   -0.1004726871E+00
          31    0.9646310424E+00   -0.3538636508E+00   -0.2221280351E+00    0.9105734403E-01   -0.1322994546E-01   -0.1058125881E-01
          32    0.9159443841E+00   -0.2985876739E+00   -0.1998129063E+00    0.7751914427E-01   -0.1134627758E-01    0.1067929052E+01
          33    0.9091699352E+00   -0.3704717490E+00   -0.2821365654E+00    0.8222455734E-01   -0.1156361061E-01    0.7989914563E-01
          34    0.9315213124E+00   -0.3633344421E+00   -0.2963277519E+00    0.8595822327E-01   -0.1779163108E-01    0.3529254282E+00
          35    0.9235561890E+00   -0.3246658248E+00   -0.3572577557E+00    0.7454712275E-01   -0.1207655527E-01    0.2990074255E+00
          36    0.9083639980E+00   -0.3119300092E+00   -0.1851237632E+00    0.7382594858E-01   -0.1324696439E-01    0.3713763990E+00
          37    0.9750387233E+00   -0.3809216573E+00   -0.2641427609E+00    0.9036241622E-01   -0.1804118365E-01   -0.7196566123E-01
          38    0.9818103630E+00   -0.3740029248E+00   -0.2869168499E+00    0.9070930635E-01   -0.1895690418E-01   -0.1046632445E+00
          39    0.8962316377E+00   -0.3089168121E+00   -0.3450612904E+00    0.8563774832E-01   -0.1161661039E-01    0.8889526846E-01
          40    0.9291535598E+00   -0.3530612960E+00   -0.3231036784E+00    0.8576840464E-01   -0.1534109683E-01    0.4648940045E+00
          41    0.9309604534E+00   -0.3913993132E+00   -0.2812600994E+00    0.8917889922E-01   -0.1777024399E-01    0.6379605585E+00
          42    0.9310614987E+00   -0.3887375949E+00   -0.2778778756E+00    0.9114463503E-01   -0.1725172761E-01    0.4832261315E+00
          43    0.9722955794E+00   -0.3793615480E+00   -0.2653939677E+00    0.9134191655E-01   -0.1805865615E-01   -0.6871764643E-01
          44    0.9573622583E+00   -0.3750793261E+00   -0.2838366004E+00    0.9093583431E-01   -0.1723476479E-01   -0.8561154513E-02
          45    0.9621427911E+00   -0.3403505410E+00   -0.3070666919E+00    0.8767308245E-01   -0.1674058614E-01   -0.4044863656E+00
          46    0.9277047462E+00   -0.3892609083E+00   -0.2740647937E+00    0.9409866622E-01   -0.1769770070E-01    0.5422204169E+00
          47    0.9294422542E+00   -0.3752603957E+00   -0.2928897764E+00    0.8224345070E-01   -0.1663117058E-01    0.2315177682E+00
          48    0.9773299043E+00   -0.3384044468E+00   -0.1597443276E+00    0.8145241099E-01   -0.1267000194E-01   -0.6064168465E+00
          49    0.9047462766E+00   -0.2901627757E+00   -0.1951987247E+00    0.8611919488E-01   -0.1552950686E-01    0.9439152138E+00
          50    0.9025723702E+00   -0.2807392554E+00   -0.1871142522E+00    0.7747371334E-01   -0.9476328496E-02    0.2225478871E+00
          51    0.9332435622E+00   -0.3892081118E+00   -0.2741917547E+00    0.9482699534E-01   -0.1668359422E-01   -0.1981997119E+00
          52    0.9279978030E+00   -0.3862874227E+00   -0.2805304080E+00    0.9061102683E-01   -0.1681433190E-01    0.2087113586E+00
          53    0.9659472569E+00   -0.3524020799E+00   -0.3024468446E+00    0.9677076202E-01   -0.1819404701E-01   -0.3232995107E+00
          54    0.9156122183E+00   -0.3633872988E+00   -0.3063145566E+00    0.9442967696E-01   -0.1782590298E-01    0.1534253833E+00
          55    0.9279738655E+00   -0.3815803035E+00   -0.2763246316E+00    0.8745458435E-01   -0.1614086278E-01    0.6605333040E+00
          56    0.9308870350E+00   -0.3803294467E+00   -0.2815779081E+00    0.8973700329E-01   -0.1749082305E-01    0.3457640016E+00
          57    0.9251498149E+00   -0.3769981426E+00   -0.2747228083E+00    0.8690540253E-01   -0.1542582911E-01    0.1485851841E+00
          58    0.9748305252E+00   -0.3691152497E+00   -0.2787613327E+00    0.9628759485E-01   -0.2017666110E-01   -0.4726996196E-01
          59    0.9241234186E+00   -0.3461464919E+00   -0.3131098751E+00    0.8759795528E-01   -0.1563253526E-01    0.5189028958E+00
          60    0.8936121213E+00   -0.3271615313E+00   -0.3212950357E+00    0.8781553913E-01   -0.1135657953E-01    0.9728330143E-01
          61    0.9753369271E+00   -0.3824572661E+00   -0.2621081734E+00    0.8895322002E-01   -0.1816797026E-01   -0.8355110797E-01
          62    0.9331702813E+00   -0.3690006267E+00   -0.2892623541E+00    0.8448904332E-01   -0.1819094366E-01    0.1784675940E+00
          63    0.8872078143E+00   -0.3042429117E+00   -0.3899404914E+00    0.6652309385E-01   -0.1048396319E-01    0.3944804394E+00
          64    0.9044001188E+00   -0.3638265834E+00   -0.2912218250E+00    0.9028803417E-01   -0.1673855282E-01    0.1064053114E+00
          65    0.1014146966E+01   -0.3833871250E+00   -0.2871446998E+00    0.7927746375E-01   -0.1405819645E-01   -0.8697864464E-01
          66    0.9290070517E+00   -0.3747021802E+00   -0.2827960285E+00    0.8882877268E-01   -0.1744391709E-01    0.1982295555E+00
          67    0.8814168193E+00   -0.4519959823E+00   -0.2572467632E+00    0.7771738686E-01   -0.1256574242E-01    0.1046908714E+01
          68    0.9285715240E+00   -0.3804752106E+00   -0.2781894835E+00    0.9054956881E-01   -0.1707063034E-01    0.3702427509E+00
          69    0.9841184446E+00   -0.3868249539E+00   -0.2650247572E+00    0.9099263132E-01   -0.1904885570E-01   -0.7590647182E-01
          70    0.9255562542E+00   -0.3112880227E+00   -0.3769602194E+00    0.8266779008E-01   -0.1296928654E-01    0.8158621374E+00
          71    0.9068166934E+00   -0.3676249047E+00   -0.2878206850E+00    0.9018039327E-01   -0.1696224035E-01    0.1026551560E+00
          72    0.9069823089E+00   -0.2908574372E+00   -0.1852956910E+00    0.7628817224E-01   -0.8931428132E-02    0.2396979475E+00
          73    0.9214088099E+00   -0.3836284823E+00   -0.2645969792E+00    0.9453619330E-01   -0.1742248810E-01    0.1029514930E+00
          74    0.9373986285E+00   -0.3957722138E+00   -0.3582258027E+00   -0.5515558597E+00    0.7586565456E-01   -0.1002417108E-01
          75    0.9132149753E+00   -0.3754295456E+00   -0.4895973161E+00    0.7902761340E-01   -0.1344905302E-01    0.9630715587E+00
          76    0.9307539826E+00   -0.3777709554E+00   -0.2843428852E+00    0.8828258022E-01   -0.1737997138E-01    0.1901644570E+00
          77    0.9177864534E+00   -0.3030170640E+00   -0.3571299828E+00    0.8141543210E-01   -0.1097542284E-01    0.1882658021E+00
          78    0.9275664707E+00   -0.3662541025E+00   -0.2797401620E+00    0.8963087987E-01   -0.1746186914E-01    0.5035412845E+00
          79    0.9862435003E+00   -0.3853196393E+00   -0.2668057227E+00    0.8074208238E-01   -0.1318550350E-01   -0.8047208120E-01
          80    0.9031753199E+00   -0.2961147511E+00   -0.1877725190E+00    0.7664269295E-01   -0.1394574454E-01    0.3336391959E+00
          81    0.9273346434E+00   -0.3271231530E+00   -0.3440743081E+00    0.7824322740E-01   -0.1286956889E-01    0.4400427466E+00
          82    0.9232258677E+00   -0.3656269376E+00   -0.3036193760E+00    0.8965640416E-01   -0.1558287922E-01    0.6383852544E+00
          83    0.9781034079E+00   -0.3638606109E+00   -0.2951863797E+00    0.9501219061E-01   -0.1863314198E-01   -0.1007625500E+00
          84    0.9346794164E+00   -0.3787454878E+00   -0.2983554670E+00    0.7252056462E-01   -0.1201387062E-01    0.2570011495E+00
          85    0.9291237935E+00   -0.3723746441E+00   -0.2836384490E+00    0.8851449530E-01   -0.1750948452E-01    0.1725087115E+00
          86    0.9942488034E+00   -0.3777344667E+00   -0.2925893995E+00    0.8057679643E-01   -0.1392380807E-01   -0.1170825072E+00
          87    0.8831124219E+00   -0.4167642036E+00   -0.2823121917E+00    0.6817887932E-01   -0.1151884476E-01    0.3651463904E+00
          88    0.9271233279E+00   -0.3219008699E+00   -0.3525806713E+00    0.7976368617E-01   -0.1265204797E-01    0.6328985258E+00
          89    0.9452374282E+00   -0.3855786198E+00   -0.2755830691E+00    0.7974250130E-01   -0.1214636441E-01   -0.1096930681E+00
          90    0.8806640019E+00   -0.4436736031E+00   -0.1532634993E+00    0.8096022780E-01   -0.1368063134E-01    0.1060068221E+01
          91    0.9284061202E+00   -0.3477605331E+00   -0.3142387394E+00    0.8523796026E-01   -0.1650289840E-01    0.2334073592E+00
          92    0.9389245525E+00   -0.3941954975E+00   -0.2776196048E+00    0.8640601225E-01   -0.1203308089E-01   -0.2193347237E+00
          93    0.8796895545E+00   -0.3252695109E+00   -0.1610156103E+00    0.8473689248E-01   -0.9720329770E-02    0.1180037483E+00
          94    0.9871690584E+00   -0.3872661138E+00   -0.2642259746E+00    0.7911794184E-01   -0.1333659691E-01   -0.9468310821E-01
          95    0.9741839866E+00   -0.5855158199E+00   -0.8210245002E+00    0.7220616093E-01   -0.3552000086E-01   -0.1217676545E-01
          96    0.9741839866E+00   -0.5855158199E+00   -0.8210245002E+00    0.7220616093E-01    0.3552000086E-01   -0.1217676545E-01
          97    0.9293840709E+00   -0.3804932879E+00   -0.2777597433E+00    0.7839363961E-01   -0.1103235484E-01    0.1646132520E+00
          98    0.9826402671E+00   -0.3834762748E+00   -0.2684331727E+00    0.8171251158E-01   -0.1311826010E-01   -0.7579355732E-01
          99    0.9208258854E+00   -0.3323472113E+00   -0.1809884237E+00    0.7344650766E-01   -0.1147519801E-01    0.6300096575E+00
         100    0.9103431046E+00   -0.2999029934E+00   -0.1947871949E+00    0.8482692150E-01   -0.1498737139E-01    0.1008957494E+01
