Model_ID, [(c_i,i=0,n)_j,j=1,ntask]
           1    0.9445644229E+00   -0.3625446785E+00   -0.2932040213E+00    0.9166415534E-01   -0.1803840243E-01
           2    0.9374060842E+00   -0.3382891739E+00   -0.3142992006E+00    0.9210465595E-01   -0.1601770095E-01
           3    0.9368372746E+00   -0.3633424155E+00   -0.2833633425E+00    0.9306805396E-01   -0.1857245833E-01
           4    0.9026153953E+00   -0.3147170689E+00   -0.5567377478E+00    0.8850030835E-01   -0.1312805204E-01
           5    0.9014750168E+00   -0.3424651976E+00   -0.4840985745E+00    0.8964327155E-01   -0.1235836604E-01
           6    0.9734105611E+00   -0.5830748535E+00   -0.8122595496E+00    0.7912388294E-01   -0.1254123400E-01
           7    0.9513054615E+00   -0.3658661002E+00   -0.2978738723E+00    0.8135263638E-01   -0.1260802851E-01
           8    0.9858192039E+00   -0.5985426676E+00   -0.9171684805E+00    0.6224650454E-01    0.2538623447E-01
           9    0.9858192039E+00   -0.5985426676E+00   -0.9171684805E+00    0.6224650454E-01   -0.2538623447E-01
          10    0.9858192039E+00   -0.5985426676E+00   -0.9171684805E+00   -0.6224650454E-01    0.2538623447E-01
          11    0.9858192039E+00   -0.5985426676E+00   -0.9171684805E+00   -0.2538623447E-01   -0.6224650454E-01
          12    0.9297089076E+00   -0.3418341863E+00   -0.3118003251E+00    0.8762243712E-01   -0.1628162097E-01
          13    0.9307697627E+00   -0.3408564188E+00   -0.2204871460E+00    0.9925247604E-01   -0.1801605249E-01
          14    0.9930462110E+00   -0.6048343877E+00   -0.9285106070E+00   -0.2594889327E-01    0.4977915415E-02
          15    0.9930462110E+00   -0.6048343877E+00   -0.9285106070E+00    0.4977915415E-02    0.2594889327E-01
          16    0.9430545727E+00   -0.3415782418E+00   -0.3179586246E+00    0.8270457337E-01   -0.1100268603E-01
          17    0.9867074028E+00   -0.5976471578E+00   -0.9138891566E+00   -0.2173668498E-01   -0.6028550093E-01
          18    0.9867074028E+00   -0.5976471578E+00   -0.9138891566E+00    0.6028550093E-01   -0.2173668498E-01
          19    0.9867074028E+00   -0.5976471578E+00   -0.9138891566E+00   -0.6028550093E-01    0.2173668498E-01
          20    0.9867074028E+00   -0.5976471578E+00   -0.9138891566E+00    0.6028550093E-01    0.2173668498E-01
          21    0.9428559111E+00   -0.3368533013E+00   -0.2341103407E+00    0.9354935524E-01   -0.1307732261E-01
          22    0.9398278526E+00   -0.3550835523E+00   -0.2103779808E+00    0.9977129072E-01   -0.1777635142E-01
          23    0.8923682813E+00   -0.2896731686E+00   -0.5898569135E+00    0.9019091107E-01   -0.1179902336E-01
          24    0.9518935334E+00   -0.5713996088E+00   -0.1148540259E+01   -0.3755488620E-01    0.1266799559E+00
          25    0.9874039758E+00   -0.5958679619E+00   -0.9124662884E+00    0.6239711107E-01    0.6120938735E-01
          26    0.9874039758E+00   -0.5958679619E+00   -0.9124662884E+00   -0.6239711107E-01    0.6120938735E-01
          27    0.9874039758E+00   -0.5958679619E+00   -0.9124662884E+00   -0.6239711107E-01   -0.6120938735E-01
          28    0.9874039758E+00   -0.5958679619E+00   -0.9124662884E+00    0.6239711107E-01   -0.6120938735E-01
          29    0.9934675180E+00   -0.6037462963E+00   -0.9233753594E+00   -0.2244232585E-01    0.4859526482E-02
          30    0.9934675180E+00   -0.6037462963E+00   -0.9233753594E+00    0.4859526482E-02    0.2244232585E-01
          31    0.9208307674E+00   -0.3593846415E+00   -0.2918178824E+00    0.8726339115E-01   -0.1127551977E-01
          32    0.9899572194E+00   -0.5996352963E+00   -0.9377031135E+00   -0.2985082493E-01   -0.6010560532E-01
          33    0.9899572194E+00   -0.5996352963E+00   -0.9377031135E+00   -0.6010560532E-01    0.2985082493E-01
          34    0.9899572194E+00   -0.5996352963E+00   -0.9377031135E+00    0.6010560532E-01   -0.2985082493E-01
          35    0.9899572194E+00   -0.5996352963E+00   -0.9377031135E+00    0.6010560532E-01    0.2985082493E-01
          36    0.9287052039E+00   -0.3388265518E+00   -0.3030839297E+00    0.9380216551E-01   -0.1658973549E-01
          37    0.9966065816E+00   -0.6058287943E+00   -0.9468403311E+00    0.4882793493E-02    0.3109126847E-01
          38    0.9966065816E+00   -0.6058287943E+00   -0.9468403311E+00   -0.3109126847E-01    0.4882793493E-02
          39    0.9726821989E+00   -0.5856902133E+00   -0.9345428788E+00    0.4935724036E-01    0.3673458087E-01
          40    0.9726821989E+00   -0.5856902133E+00   -0.9345428788E+00    0.4935724036E-01   -0.3673458087E-01
          41    0.9350799033E+00   -0.3528244328E+00   -0.2145920186E+00    0.1020036701E+00   -0.1739363642E-01
          42    0.9422302604E+00   -0.5866304082E+00   -0.9625431934E+00    0.1221454327E+00    0.5273225002E-02
          43    0.9593255750E+00   -0.5952940806E+00   -0.9730046611E+00    0.5049301129E-02    0.1214915159E+00
          44    0.9861194025E+00   -0.5974336722E+00   -0.9113034747E+00    0.6234801592E-01    0.3223010468E-01
          45    0.9861194025E+00   -0.5974336722E+00   -0.9113034747E+00    0.6234801592E-01   -0.3223010468E-01
          46    0.9861194025E+00   -0.5974336722E+00   -0.9113034747E+00   -0.6234801592E-01   -0.3223010468E-01
          47    0.9861194025E+00   -0.5974336722E+00   -0.9113034747E+00   -0.6234801592E-01    0.3223010468E-01
          48    0.9379769812E+00   -0.3314820699E+00   -0.2343327294E+00    0.8975249290E-01   -0.1318858426E-01
          49    0.9064010199E+00   -0.3402043696E+00   -0.6412605330E+00    0.9030136121E-01   -0.1397934904E-01
          50    0.9946066267E+00   -0.6021131968E+00   -0.9233254263E+00    0.5002929347E-02    0.6282518694E-01
          51    0.9946066267E+00   -0.6021131968E+00   -0.9233254263E+00   -0.6282518694E-01    0.5002929347E-02
          52    0.9002233641E+00   -0.3465215514E+00   -0.5614998461E+00    0.8868996509E-01   -0.1314182903E-01
          53    0.9922790108E+00   -0.6064561511E+00   -0.9387273777E+00   -0.3029194911E-01    0.2500797522E-01
          54    0.9922790108E+00   -0.6064561511E+00    0.3029194911E-01   -0.9387273777E+00    0.2500797522E-01
          55    0.9922790108E+00   -0.6064561511E+00    0.3029194911E-01   -0.9387273777E+00   -0.2500797522E-01
          56    0.9922790108E+00   -0.6064561511E+00   -0.9387273777E+00   -0.2500797522E-01   -0.3029194911E-01
          57    0.9645959488E+00   -0.5916864893E+00   -0.1020469468E+01   -0.3752253408E-01   -0.4640809542E-01
          58    0.9645959488E+00   -0.5916864893E+00   -0.1020469468E+01   -0.4640809542E-01    0.3752253408E-01
          59    0.9645959488E+00   -0.5916864893E+00    0.4640809542E-01   -0.1020469468E+01   -0.3752253408E-01
          60    0.9645959488E+00   -0.5916864893E+00    0.4640809542E-01   -0.1020469468E+01    0.3752253408E-01
          61    0.9147637055E+00   -0.3482025519E+00   -0.2964627035E+00    0.9459792702E-01   -0.1522592309E-01
          62    0.9475002749E+00   -0.3465052186E+00   -0.2235841436E+00    0.9043458134E-01   -0.1300292568E-01
          63    0.9865078674E+00   -0.5966617617E+00   -0.9159955935E+00    0.6035158520E-01    0.1322275922E-01
          64    0.9865078674E+00   -0.5966617617E+00   -0.9159955935E+00    0.6035158520E-01   -0.1322275922E-01
          65    0.9865078674E+00   -0.5966617617E+00   -0.9159955935E+00   -0.6035158520E-01    0.1322275922E-01
          66    0.9865078674E+00   -0.5966617617E+00   -0.9159955935E+00   -0.6035158520E-01   -0.1322275922E-01
          67    0.9437075107E+00   -0.3666052269E+00   -0.2882193502E+00    0.8251762830E-01   -0.1302385731E-01
          68    0.9930769023E+00   -0.6037390021E+00   -0.9209625301E+00    0.5033889733E-02    0.3336149487E-01
          69    0.9930769023E+00   -0.6037390021E+00   -0.9209625301E+00   -0.3336149487E-01    0.5033889733E-02
          70    0.9908578558E+00   -0.6026217489E+00   -0.8998135934E+00   -0.5855668389E-01    0.3895830107E-01
          71    0.9908578558E+00   -0.6026217489E+00   -0.8998135934E+00   -0.3895830107E-01   -0.5855668389E-01
          72    0.9908578558E+00   -0.6026217489E+00   -0.8998135934E+00    0.5855668389E-01   -0.3895830107E-01
          73    0.9908578558E+00   -0.6026217489E+00   -0.8998135934E+00    0.5855668389E-01    0.3895830107E-01
          74    0.9330877443E+00   -0.3581287713E+00   -0.2043689898E+00   -0.8231548091E+00   -0.4663825933E-01
          75    0.9330877443E+00   -0.3581287713E+00   -0.2043689898E+00    0.4663825933E-01   -0.8231548091E+00
          76    0.9800967970E+00   -0.6077933942E+00   -0.7975500306E+00    0.1038548857E+00   -0.1276425236E-01
          77    0.9305072720E+00   -0.3700571324E+00   -0.2780472177E+00    0.4144507389E-01   -0.1356197957E-01
          78    0.9354159671E+00   -0.3306121121E+00   -0.3278149289E+00    0.8535334584E-01   -0.1331854070E-01
          79    0.9203569514E+00   -0.3875112690E+00   -0.2500086202E+00    0.4232552215E-01   -0.2082661209E-01
          80    0.9706734522E+00   -0.5821596615E+00   -0.9622288427E+00    0.4867023662E-01    0.2197550654E-01
          81    0.9706734522E+00   -0.5821596615E+00   -0.9622288427E+00    0.4867023662E-01   -0.2197550654E-01
          82    0.9316161359E+00   -0.3147915897E+00   -0.2135518980E+00   -0.7890301372E+00   -0.4751955443E-01
          83    0.9316161359E+00   -0.3147915897E+00   -0.2135518980E+00    0.4751955443E-01   -0.7890301372E+00
          84    0.9932437306E+00   -0.6027231928E+00   -0.9255555269E+00    0.4865750546E-02    0.1368694567E-01
          85    0.9932437306E+00   -0.6027231928E+00   -0.9255555269E+00   -0.1368694567E-01    0.4865750546E-02
          86    0.9955607900E+00   -0.6074403918E+00    0.2993281279E-01   -0.9553107630E+00    0.3017442796E-01
          87    0.9955607900E+00   -0.6074403918E+00    0.2993281279E-01   -0.9553107630E+00   -0.3017442796E-01
          88    0.9955607900E+00   -0.6074403918E+00   -0.9553107630E+00   -0.2993281279E-01    0.3017442796E-01
          89    0.9955607900E+00   -0.6074403918E+00   -0.9553107630E+00   -0.3017442796E-01   -0.2993281279E-01
          90    0.9358022172E+00   -0.3475452338E+00   -0.3132482796E+00    0.7848868269E-01   -0.1146866414E-01
          91    0.9171724712E+00   -0.5508339414E+00   -0.9755131758E+00    0.5653074159E-01    0.9276469203E-01
          92    0.9796910326E+00   -0.5920810158E+00   -0.3146810615E+00    0.7488308180E-01   -0.1052560778E-01
          93    0.9370970603E+00   -0.2128644805E+00   -0.3375887815E+00   -0.8308942674E+00   -0.4870577277E-01
          94    0.9370970603E+00   -0.2128644805E+00   -0.3375887815E+00    0.4870577277E-01   -0.8308942674E+00
          95    0.9364151547E+00   -0.5786661094E+00   -0.8136454267E+00    0.6627325874E-01    0.8537062298E-01
          96    0.9920978668E+00   -0.5991003083E+00   -0.9894565113E+00    0.5004326851E-01   -0.3382525647E-01
          97    0.9920978668E+00   -0.5991003083E+00   -0.9894565113E+00    0.5004326851E-01    0.3382525647E-01
          98    0.9858132702E+00   -0.5955240835E+00   -0.9220742949E+00    0.6119182150E-01   -0.2033996943E-01
          99    0.9858132702E+00   -0.5955240835E+00   -0.9220742949E+00    0.6119182150E-01    0.2033996943E-01
         100    0.9858132702E+00   -0.5955240835E+00   -0.9220742949E+00   -0.6119182150E-01   -0.2033996943E-01
