        Rank        RMSE       MaxAE  Feature_ID
           1    0.053656    0.118276  (       2      46)
           2    0.055338    0.118113  (      15      46)
           3    0.055615    0.123161  (       2      47)
           4    0.056476    0.130054  (       2      54)
           5    0.056918    0.169863  (      20      46)
           6    0.057016    0.162168  (      25      46)
           7    0.057017    0.127854  (       2      62)
           8    0.057176    0.129631  (       2      44)
           9    0.057205    0.170179  (       1      41)
          10    0.057484    0.192006  (      15      47)
          11    0.057501    0.169563  (       1      47)
          12    0.057531    0.166012  (       1      45)
          13    0.057576    0.184354  (       1      46)
          14    0.057608    0.168002  (       5      45)
          15    0.057751    0.142778  (       2      45)
          16    0.057811    0.165094  (       2      57)
          17    0.057834    0.119066  (       2      58)
          18    0.057893    0.149197  (       2      48)
          19    0.057965    0.160844  (      19      46)
          20    0.057972    0.153439  (       2      79)
          21    0.058088    0.125485  (       2      70)
          22    0.058199    0.180265  (      15      79)
          23    0.058231    0.156476  (       2      71)
          24    0.058302    0.194364  (       4      45)
          25    0.058336    0.131884  (       2      76)
          26    0.058366    0.193282  (      15      57)
          27    0.058384    0.169568  (       1      42)
          28    0.058388    0.172032  (       5      41)
          29    0.058445    0.169910  (       7      46)
          30    0.058459    0.141152  (       1      44)
          31    0.058610    0.171890  (       5      42)
          32    0.058641    0.198506  (      15      62)
          33    0.058725    0.141293  (       2      49)
          34    0.058768    0.151919  (       2      73)
          35    0.058795    0.195732  (       1      43)
          36    0.058821    0.178547  (      15      73)
          37    0.058841    0.171329  (       2      56)
          38    0.058842    0.199135  (       4      41)
          39    0.058859    0.176797  (       5      48)
          40    0.059010    0.138361  (      25      54)
          41    0.059028    0.161942  (       2      52)
          42    0.059084    0.167619  (       2      78)
          43    0.059122    0.132810  (       2      75)
          44    0.059137    0.182210  (       1      74)
          45    0.059364    0.199436  (       4      42)
          46    0.059408    0.162557  (       1      12)
          47    0.059493    0.202162  (      15      44)
          48    0.059518    0.161964  (       5      51)
          49    0.059581    0.173495  (       1      48)
          50    0.059584    0.150910  (       5      50)
          51    0.059635    0.160529  (       1      51)
          52    0.059636    0.157867  (       1      50)
          53    0.059663    0.150673  (       1      49)
          54    0.059713    0.207022  (       1      62)
          55    0.059802    0.172339  (       5      12)
          56    0.059860    0.162348  (       1      56)
          57    0.059872    0.166090  (       1      57)
          58    0.059957    0.148346  (       2      41)
          59    0.060013    0.157969  (      25      47)
          60    0.060051    0.163798  (       1      55)
          61    0.060055    0.171461  (       5      52)
          62    0.060097    0.155013  (       2      66)
          63    0.060118    0.144687  (       1      60)
          64    0.060133    0.169080  (       1      52)
          65    0.060169    0.157060  (       1      53)
          66    0.060186    0.179265  (       4      50)
          67    0.060204    0.165242  (      25      58)
          68    0.060224    0.154978  (       2      60)
          69    0.060238    0.168580  (       1      54)
          70    0.060250    0.207086  (      15      54)
          71    0.060272    0.145850  (       2      80)
          72    0.060295    0.199640  (       4      52)
          73    0.060307    0.154040  (       2      68)
          74    0.060308    0.180555  (       5      68)
          75    0.060328    0.182546  (      15      71)
          76    0.060403    0.165406  (       5      55)
          77    0.060442    0.166277  (       1      61)
          78    0.060509    0.144336  (      17      46)
          79    0.060512    0.192254  (      15      58)
          80    0.060542    0.158039  (       5      53)
          81    0.060590    0.146319  (       2      64)
          82    0.060599    0.163685  (       1      58)
          83    0.060612    0.156295  (      25      49)
          84    0.060624    0.186573  (       1      59)
          85    0.060626    0.172935  (      20      45)
          86    0.060632    0.151349  (       2      55)
          87    0.060643    0.170106  (       2      12)
          88    0.060685    0.168614  (       5      47)
          89    0.060739    0.175379  (       5      74)
          90    0.060766    0.146975  (       2      42)
          91    0.060874    0.151535  (       1      69)
          92    0.060901    0.193108  (       4      55)
          93    0.060904    0.186153  (       1      63)
          94    0.060927    0.152810  (       2      69)
          95    0.060937    0.164156  (       1      70)
          96    0.060949    0.183512  (       5      46)
          97    0.060960    0.206032  (       2      74)
          98    0.060989    0.181259  (       1      66)
          99    0.060990    0.187952  (       1      64)
         100    0.061001    0.139058  (       5      44)
