Model_ID, [(c_i,i=0,n)_j,j=1,ntask]
           1    0.9718349717E+00   -0.5831685973E+00   -0.9289864871E+00    0.5581082646E-01
           2    0.9644938786E+00   -0.5907236575E+00   -0.1011833276E+01   -0.5143142326E-01
           3    0.9644938786E+00   -0.5907236575E+00    0.5143142326E-01   -0.1011833276E+01
           4    0.9310274541E+00   -0.3921685280E+00   -0.2759490221E+00   -0.5685767568E-01
           5    0.9310274541E+00   -0.3921685280E+00   -0.2759490221E+00    0.5685767568E-01
           6    0.9103151991E+00   -0.3782765037E+00   -0.2630128308E+00    0.3697061650E-01
           7    0.9770260012E+00   -0.2934553543E+00   -0.1094038412E+01    0.5880467539E-01
           8    0.9795196474E+00   -0.5972336250E+00   -0.9101020609E+00   -0.4133628914E-01
           9    0.9795196474E+00   -0.5972336250E+00    0.4133628914E-01   -0.9101020609E+00
          10    0.9936984909E+00   -0.6021646604E+00   -0.8975720022E+00   -0.6389965468E-01
          11    0.9936984909E+00   -0.6021646604E+00   -0.8975720022E+00    0.6389965468E-01
          12    0.9812822089E+00   -0.5901215023E+00   -0.9428141472E+00    0.1216690875E+00
          13    0.9597719564E+00   -0.5819710646E+00    0.2801636641E-01   -0.8319898135E+00
          14    0.9710811886E+00   -0.5901806745E+00    0.3178768351E-01   -0.8886570293E+00
          15    0.9710811886E+00   -0.5901806745E+00   -0.8886570293E+00   -0.3178768351E-01
          16    0.9780335080E+00   -0.6004719909E+00   -0.9259707292E+00    0.7036240851E-01
          17    0.8753781688E+00   -0.3618142953E+00   -0.4442910698E+00    0.4789092481E-01
          18    0.8753781688E+00   -0.3618142953E+00   -0.4442910698E+00   -0.4789092481E-01
          19    0.9614693947E+00   -0.2966836947E+00    0.4993240849E-01   -0.1041153030E+01
          20    0.9614693947E+00   -0.2966836947E+00   -0.1041153030E+01   -0.4993240849E-01
          21    0.9735449546E+00   -0.5869491810E+00   -0.9715311648E+00    0.5518111054E-01
          22    0.9629627185E+00   -0.5837605366E+00   -0.4465250183E+00   -0.4086801437E-01
          23    0.1011752644E+01   -0.5946563586E+00   -0.1095665235E+01   -0.2310279168E-01
          24    0.1015211529E+01   -0.6000500086E+00   -0.1074707087E+01   -0.4272412141E-01
          25    0.9813689952E+00   -0.3023503555E+00   -0.1022247375E+01    0.6449458795E-01
          26    0.9562589312E+00   -0.5818063793E+00   -0.9939702383E+00   -0.3805565810E-01
          27    0.9562589312E+00   -0.5818063793E+00    0.3805565810E-01   -0.9939702383E+00
          28    0.9928726767E+00   -0.5929817550E+00   -0.1020153332E+01    0.2719277246E-01
          29    0.1011989462E+01   -0.5956367602E+00   -0.1104918279E+01   -0.2610472671E-01
          30    0.9433409713E+00   -0.5721571880E+00    0.3328458910E-01   -0.9262893200E+00
          31    0.1015098433E+01   -0.5967661047E+00   -0.1120546030E+01   -0.3187827837E-01
          32    0.9998401530E+00   -0.6104244427E+00   -0.9169718270E+00   -0.3163716642E-01
          33    0.9998401530E+00   -0.6104244427E+00    0.3163716642E-01   -0.9169718270E+00
          34    0.9903522541E+00   -0.5843427371E+00   -0.1043886978E+01    0.1306300270E-01
          35    0.9906367013E+00   -0.6010092195E+00   -0.9995215333E+00    0.4470315796E+00
          36    0.1001700830E+01   -0.6085166921E+00   -0.9124855603E+00    0.5008400902E-02
          37    0.9851517857E+00   -0.5999905818E+00   -0.9027351930E+00    0.5203894912E-02
          38    0.9203207598E+00   -0.3983937770E+00   -0.2690880559E+00    0.5349865565E-01
          39    0.9203207598E+00   -0.3983937770E+00   -0.2690880559E+00   -0.5349865565E-01
          40    0.9771236332E+00   -0.2954013750E+00   -0.1134578133E+01    0.6028545932E-01
          41    0.1002033340E+01   -0.6092413664E+00   -0.8249994658E+00    0.7358190266E-01
          42    0.9223541037E+00   -0.3913015128E+00   -0.2644985795E+00    0.4218170030E-01
          43    0.9223541037E+00   -0.3913015128E+00   -0.2644985795E+00   -0.4218170030E-01
          44    0.9988641940E+00   -0.6052868760E+00   -0.9165322298E+00    0.3424502246E-01
          45    0.9828855901E+00   -0.3027533881E+00   -0.1092225178E+01    0.7572003942E-01
          46    0.1011540077E+01   -0.5935872534E+00   -0.1098142425E+01   -0.1409984696E-01
          47    0.9895113586E+00   -0.5836826472E+00   -0.9737165240E+00    0.1386063309E-01
          48    0.1018159777E+01   -0.5978876305E+00   -0.1109019825E+01   -0.5057008621E-01
          49    0.9795718208E+00   -0.5813360170E+00   -0.4363689879E+00   -0.4608156151E-01
          50    0.1010406026E+01   -0.6045080510E+00   -0.1037474515E+01    0.4077687404E-01
          51    0.1013689830E+01   -0.5928838912E+00   -0.1100541572E+01   -0.6289737107E-01
          52    0.9010661031E+00   -0.3851003814E+00   -0.2570510254E+00    0.3490378877E-01
          53    0.9950054827E+00   -0.5840817491E+00   -0.1084386513E+01   -0.3871796871E-01
          54    0.9198608140E+00   -0.3749845672E+00   -0.1047889605E+00   -0.6377726977E-01
          55    0.9198608140E+00   -0.3749845672E+00   -0.1047889605E+00    0.6377726977E-01
          56    0.9867575727E+00   -0.6007010859E+00   -0.1009410013E+01    0.6229573839E-01
          57    0.9993475607E+00   -0.5780261647E+00   -0.1195653865E+01    0.1977855696E-01
          58    0.9789580479E+00   -0.5861013378E+00   -0.1151316596E+01    0.1204436581E+00
          59    0.1014480231E+01   -0.5956494056E+00   -0.1105627523E+01   -0.2128589655E-01
          60    0.1010917147E+01   -0.5931279594E+00   -0.1092953546E+01   -0.1163954353E-01
          61    0.9107686237E+00   -0.4027472954E+00   -0.2522527748E+00   -0.4075875524E-01
          62    0.9107686237E+00   -0.4027472954E+00   -0.2522527748E+00    0.4075875524E-01
          63    0.9500012020E+00   -0.5844803426E+00    0.3162820509E-01   -0.2971262532E+00
          64    0.1012333130E+01   -0.5944863988E+00   -0.1099211686E+01   -0.3317876376E-01
          65    0.8698781744E+00   -0.3642443399E+00   -0.5139496270E+00    0.4923044453E-01
          66    0.8698781744E+00   -0.3642443399E+00   -0.5139496270E+00   -0.4923044453E-01
          67    0.9126757097E+00   -0.4023969072E+00   -0.3752751211E+00   -0.5955678939E-01
          68    0.9126757097E+00   -0.4023969072E+00   -0.3752751211E+00    0.5955678939E-01
          69    0.9958848202E+00   -0.6130872213E+00   -0.9937301408E+00    0.6739323208E+00
          70    0.9624013505E+00   -0.5739479975E+00   -0.1061476554E+01    0.6057256016E-01
          71    0.1015574565E+01   -0.5952344200E+00   -0.1133700810E+01   -0.1463350575E-01
          72    0.8689488389E+00   -0.3507879254E+00   -0.4580129677E+00    0.3954245282E-01
          73    0.9710299991E+00   -0.5868792742E+00   -0.8247364134E+00   -0.3974875812E-01
          74    0.1011299303E+01   -0.5924201027E+00   -0.1107104151E+01   -0.2141963859E-01
          75    0.9951018592E+00   -0.6049151530E+00   -0.8870149715E+00    0.2506213244E-01
          76    0.1003408649E+01   -0.5995234836E+00   -0.9853441346E+00    0.1765773384E-01
          77    0.9260569661E+00   -0.5823011475E+00   -0.3958813563E+00   -0.3773949134E-01
          78    0.9260569661E+00   -0.5823011475E+00    0.3773949134E-01   -0.3958813563E+00
          79    0.9864832596E+00   -0.5991794596E+00   -0.1139873719E+01    0.1805048854E+00
          80    0.9951738976E+00   -0.6061354699E+00   -0.8461661731E+00    0.1099351320E+00
          81    0.9825534686E+00   -0.6001310247E+00   -0.1174915096E+01    0.1215410244E+00
          82    0.1015355914E+01   -0.6132897644E+00   -0.1011059380E+01    0.1761364871E-02
          83    0.9452324405E+00   -0.4164241664E+00   -0.2683123977E+00   -0.4168454540E-01
          84    0.9452324405E+00   -0.4164241664E+00   -0.2683123977E+00    0.4168454540E-01
          85    0.9471318133E+00   -0.5795942915E+00    0.2945235995E-01   -0.4145377710E+00
          86    0.9648831194E+00   -0.5950516707E+00   -0.1138821028E+01    0.1602926582E+00
          87    0.1010157110E+01   -0.5929261719E+00   -0.1091156316E+01   -0.2309366433E-01
          88    0.9777854472E+00   -0.6047472756E+00   -0.3304709955E+00    0.6058809446E-02
          89    0.9626596111E+00   -0.5942548653E+00    0.3579168861E-01   -0.3200479478E+00
          90    0.9626596111E+00   -0.5942548653E+00   -0.3200479478E+00   -0.3579168861E-01
          91    0.9916338356E+00   -0.6078702115E+00   -0.4157988554E+00    0.7949391540E-01
          92    0.9480476657E+00   -0.5990148556E+00   -0.4479090583E+00    0.2057800527E+00
          93    0.9685684438E+00   -0.5922706375E+00   -0.1022057655E+01    0.1444675083E+00
          94    0.1017075320E+01   -0.5960744472E+00   -0.1141649485E+01   -0.1544823315E-01
          95    0.9334891388E+00   -0.5843050938E+00   -0.7437113382E+00   -0.3761251752E-01
          96    0.9334891388E+00   -0.5843050938E+00    0.3761251752E-01   -0.7437113382E+00
          97    0.1017580008E+01   -0.3050757414E+00   -0.1212054122E+01    0.4481367046E-01
          98    0.9153061312E+00   -0.3998699480E+00   -0.3710652963E+00   -0.6023021573E-01
          99    0.9153061312E+00   -0.3998699480E+00   -0.3710652963E+00    0.6023021573E-01
         100    0.9894213705E+00   -0.6111821059E+00    0.1310563501E+00   -0.3089022405E+00
