Model_ID, [(c_i,i=0,n)_j,j=1,ntask]
           1    0.8852312567E+00   -0.3081777197E+00   -0.1797480015E+00    0.5112439974E-01    0.1023578252E+00   -0.1063326448E-01    0.4375401775E+00   -0.4475640209E+00
           2    0.9035016386E+00   -0.3796234896E+00   -0.3062971363E+00    0.7672978378E-01   -0.1005331360E-01    0.3444151485E+00   -0.2119917758E-02   -0.5435973480E+00
           3    0.8611662735E+00   -0.3998053492E+00   -0.2675029296E+00    0.4636952950E-01    0.8841732098E-01   -0.7347283366E-02    0.4225625077E+00   -0.5117869533E+00
           4    0.8976806971E+00   -0.3878258233E+00   -0.2898550009E+00    0.7632570457E-01   -0.9492654222E-02    0.3178454387E+00   -0.2048049285E-02   -0.6548142759E-01
           5    0.9030814034E+00   -0.3474312341E+00   -0.3224831841E+00    0.7634200906E-01   -0.1047234691E-01    0.2776693796E+00   -0.1989930689E-02   -0.3064318833E+00
           6    0.9157139950E+00   -0.3667312730E+00   -0.3031707032E+00    0.8319662845E-01   -0.1043088226E-01    0.3054829075E+00   -0.2086473620E-02   -0.2691646679E-01
           7    0.9052182174E+00   -0.3497368188E+00   -0.3196287502E+00    0.8336944287E-01   -0.1072224899E-01    0.2733804592E+00   -0.2340496345E-02   -0.2929874624E+00
           8    0.9165366762E+00   -0.3613850956E+00   -0.3324021678E+00    0.8597483948E-01   -0.1196437125E-01    0.8305171348E+00   -0.2151333493E-02   -0.1642075791E+00
           9    0.8981827620E+00   -0.3647639737E+00   -0.3063171715E+00    0.7621247223E-01   -0.9624425006E-02    0.3007037185E+00   -0.2039081900E-02   -0.4784277752E+00
          10    0.9111011728E+00   -0.3711422173E+00   -0.3060539336E+00    0.7604358702E-01   -0.1063381965E-01    0.3028157466E+00   -0.2227923023E-02   -0.2638962805E-01
          11    0.8976913866E+00   -0.3570588485E+00   -0.3016735576E+00    0.7873810060E-01   -0.9811050619E-02    0.3034438135E+00   -0.2015517002E-02   -0.3334473702E+00
          12    0.9130251963E+00   -0.3395608258E+00   -0.3397136585E+00    0.8254183707E-01   -0.1134117741E-01    0.2835374176E+00   -0.2477209222E-02   -0.1308779916E+00
          13    0.9025480230E+00   -0.3568812294E+00   -0.3171257585E+00    0.7757909952E-01   -0.9532455193E-02    0.2882765968E+00   -0.2028847617E-02   -0.2146721514E+00
          14    0.9033203415E+00   -0.3489347006E+00   -0.3200787099E+00    0.7586002475E-01   -0.1008934636E-01    0.2828775994E+00   -0.1970290845E-02   -0.2415170310E+00
          15    0.8983672244E+00   -0.3756061718E+00   -0.3068225404E+00    0.7834247279E-01   -0.1058900814E-01    0.3596398537E+00   -0.2151624208E-02   -0.7779675482E+00
          16    0.8966691919E+00   -0.3218254826E+00   -0.1837821557E+00    0.4567152229E-01    0.8445810218E-01   -0.8269383308E-02    0.4266326008E+00   -0.3245605358E+00
          17    0.9000355527E+00   -0.3643058275E+00   -0.3160411895E+00    0.7979912405E-01   -0.1063620123E-01    0.3559334710E+00   -0.2260370764E-02   -0.8010329602E+00
          18    0.9089151961E+00   -0.3749774000E+00   -0.3049731169E+00    0.7668145763E-01   -0.1059022430E-01    0.3151989768E+00   -0.2173825755E-02   -0.2844379309E-01
          19    0.9103859908E+00   -0.3673523900E+00   -0.3099771717E+00    0.7708731678E-01   -0.1085137301E-01    0.2996727806E+00   -0.2220944665E-02   -0.2459954403E-01
          20    0.9005612337E+00   -0.3462607836E+00   -0.3232129071E+00    0.7905905507E-01   -0.9623713493E-02    0.2889441915E+00   -0.2079178382E-02   -0.2072481460E+00
          21    0.8638752322E+00   -0.2837450008E+00   -0.3911295881E+00    0.4293587362E-01    0.9617198124E-01   -0.6787490456E-02    0.4588715465E+00   -0.5295309948E+00
          22    0.8855707036E+00   -0.3714955939E+00   -0.2865313410E+00    0.8366727970E-01   -0.1109457575E-01    0.3272908284E+00   -0.1992968997E-02    0.5463613544E-02
          23    0.8955076469E+00   -0.3432692745E+00   -0.1615426180E+00    0.5870016416E-01    0.8551653456E-01   -0.9109371915E-02    0.3900844714E+00   -0.1253590820E-01
          24    0.8921837405E+00   -0.3803758476E+00   -0.2937789940E+00    0.7730293562E-01   -0.9984162639E-02    0.3301314839E+00   -0.1970580853E-02    0.8297046615E-02
          25    0.9304525453E+00   -0.3508580784E+00   -0.3103810820E+00    0.9129560094E-01   -0.1302743692E-01    0.2431841911E+00   -0.2249091655E-02    0.1600559359E-02
          26    0.9075230784E+00   -0.3223814836E+00   -0.3579906033E+00    0.2928470296E-01    0.9092908258E-01   -0.7590706777E-02    0.2865576589E+00   -0.5537082085E+00
          27    0.9075230784E+00   -0.3223814836E+00   -0.3579906033E+00   -0.2928470296E-01    0.9092908258E-01   -0.7590706777E-02    0.2865576589E+00   -0.5537082085E+00
          28    0.8951735670E+00   -0.2929092589E+00   -0.1916879353E+00    0.7309269595E-01   -0.1051773515E-01   -0.5756213419E-02    0.2416100018E+00    0.8104907861E-01
          29    0.8951735670E+00   -0.2929092589E+00   -0.1916879353E+00    0.7309269595E-01   -0.1051773515E-01   -0.5756213419E-02    0.8104907861E-01    0.2416100018E+00
          30    0.8856829814E+00   -0.3006460122E+00   -0.1862911210E+00   -0.3398015163E-01    0.1223308300E+00   -0.6991943191E-02    0.4155831447E+00   -0.5577198489E+00
          31    0.8856829814E+00   -0.3006460122E+00   -0.1862911210E+00    0.3398015163E-01    0.1223308300E+00   -0.6991943191E-02    0.4155831447E+00   -0.5577198489E+00
          32    0.9052382152E+00   -0.3504142360E+00   -0.3219401444E+00    0.7935181063E-01   -0.1061164636E-01    0.2706608005E+00   -0.2132637040E-02   -0.1686275236E+00
          33    0.8937285812E+00   -0.3188988009E+00   -0.1825980276E+00    0.2754847463E-01    0.9441911565E-01   -0.8494533564E-02    0.3711161956E+00   -0.5131640395E+00
          34    0.8937285812E+00   -0.3188988009E+00   -0.1825980276E+00   -0.2754847463E-01    0.9441911565E-01   -0.8494533564E-02    0.3711161956E+00   -0.5131640395E+00
          35    0.8918271424E+00   -0.3700919682E+00   -0.3020215752E+00    0.8167615545E-01   -0.1096523597E-01    0.3129575645E+00   -0.2047486527E-02    0.3909164139E-02
          36    0.8941712946E+00   -0.2948114372E+00   -0.1903668324E+00    0.7347168550E-01   -0.1041664010E-01   -0.5976245800E-02    0.8305607575E-01    0.2373129424E+00
          37    0.9160890646E+00   -0.3640520568E+00   -0.3085717292E+00    0.8277957024E-01   -0.1101574697E-01    0.2942648188E+00   -0.2007530034E-02   -0.2484390230E-01
          38    0.8968976938E+00   -0.3413459513E+00   -0.3293709821E+00    0.7934153288E-01   -0.1182423512E-01    0.3217222946E+00   -0.2303003694E-02    0.1059487187E-01
          39    0.9294874042E+00   -0.3477557451E+00   -0.3109928345E+00    0.9215684995E-01   -0.1318152449E-01    0.2497003263E+00   -0.2311901408E-02    0.2397629175E-02
          40    0.9225557918E+00   -0.3120994164E+00   -0.1967054670E+00    0.6209583593E-01    0.1096495188E+00   -0.6504193385E-02    0.3732128241E+00   -0.2961214496E+00
          41    0.9380957518E+00   -0.3263819199E+00   -0.3723866152E+00    0.9288217428E-01    0.1051621188E+00   -0.7201806463E-02    0.2963647705E+00   -0.4558282700E+00
          42    0.8931931164E+00   -0.3765419401E+00   -0.2988454145E+00    0.7804990365E-01   -0.1037791968E-01    0.3369371898E+00   -0.2021927003E-02    0.2206684761E-01
          43    0.8944245213E+00   -0.3153070702E+00   -0.3398953904E+00    0.5579515915E-01    0.1068204880E+00   -0.1171596760E-01    0.3478275548E+00   -0.5633232303E+00
          44    0.8942671379E+00   -0.3731160998E+00   -0.3029788054E+00    0.7938041420E-01   -0.1063620112E-01    0.3398237846E+00   -0.2101951361E-02    0.1886352505E-01
          45    0.9355946982E+00   -0.3185710311E+00   -0.3720193074E+00    0.6773674485E-01    0.1034876134E+00   -0.7364789961E-02    0.2817435986E+00   -0.4424300131E+00
          46    0.9307627146E+00   -0.3567346451E+00   -0.3070976571E+00    0.9039772956E-01   -0.1264341234E-01    0.2467267551E+00   -0.2210393256E-02    0.6274330571E-03
          47    0.9302092087E+00   -0.3540217617E+00   -0.3089378340E+00    0.9064439104E-01   -0.1263604241E-01    0.2493360594E+00   -0.2228747416E-02    0.7154374211E-03
          48    0.8898544518E+00   -0.3862201961E+00   -0.2823458940E+00    0.7724885083E-01   -0.1069101250E-01    0.3505069209E+00   -0.3637378854E-02    0.6340999562E-02
          49    0.9304545560E+00   -0.3579405551E+00   -0.3052298482E+00    0.9104071785E-01   -0.1293155751E-01    0.2487872344E+00   -0.2239915554E-02    0.8541011367E-03
          50    0.9112579625E+00   -0.3173345616E+00   -0.3464794039E+00    0.4575282094E-01    0.1080652837E+00   -0.9509246379E-02    0.4817475928E+00   -0.7364837513E+00
          51    0.9112579625E+00   -0.3173345616E+00   -0.3464794039E+00   -0.4575282094E-01    0.1080652837E+00   -0.9509246379E-02    0.4817475928E+00   -0.7364837513E+00
          52    0.9038651784E+00   -0.3182401695E+00   -0.3511910289E+00    0.2606475220E-01    0.8394429657E-01   -0.7703985185E-02    0.2575966464E+00   -0.5475052271E+00
          53    0.9028242927E+00   -0.3617396648E+00   -0.3136661086E+00    0.7873752166E-01   -0.1078534780E-01    0.3130316401E+00   -0.2128884601E-02   -0.9186670255E+00
          54    0.8925193070E+00   -0.3419136670E+00   -0.3263793531E+00    0.8105205217E-01   -0.1158021011E-01    0.3272155375E+00   -0.2323007767E-02    0.9553113053E-01
          55    0.9387372131E+00   -0.3262002800E+00   -0.3752410263E+00    0.9421119213E-01    0.1019885901E+00   -0.7887085139E-02    0.2883902188E+00   -0.5670244974E+00
          56    0.9044537856E+00   -0.3273775710E+00   -0.3451426965E+00    0.3166066032E-01    0.9690384741E-01   -0.9201325931E-02    0.2728617805E+00   -0.4785671920E+00
          57    0.9044537856E+00   -0.3273775710E+00   -0.3451426965E+00   -0.3166066032E-01    0.9690384741E-01   -0.9201325931E-02    0.2728617805E+00   -0.4785671920E+00
          58    0.9055080108E+00   -0.3601475488E+00   -0.3169272118E+00    0.8159247728E-01   -0.1134860516E-01    0.2991823307E+00   -0.2284798305E-02   -0.5865894428E+00
          59    0.8880706414E+00   -0.3623972974E+00   -0.2998483299E+00    0.8522360339E-01   -0.1163248186E-01    0.3210735769E+00   -0.2090857019E-02    0.2846287452E-02
          60    0.9013791679E+00   -0.3607180160E+00   -0.3168673338E+00    0.8055564058E-01   -0.1109298003E-01    0.3329515007E+00   -0.2197511134E-02   -0.2982976908E+01
          61    0.8944201606E+00   -0.3220452974E+00   -0.1804339754E+00   -0.2670438577E-01    0.9792922464E-01   -0.8106164895E-02    0.3802445991E+00   -0.4018931113E+00
          62    0.8944201606E+00   -0.3220452974E+00   -0.1804339754E+00    0.2670438577E-01    0.9792922464E-01   -0.8106164895E-02    0.3802445991E+00   -0.4018931113E+00
          63    0.9289068511E+00   -0.3584957154E+00   -0.3052293414E+00    0.9112796711E-01   -0.1273120463E-01    0.2542747193E+00   -0.2238178473E-02    0.1163196423E-02
          64    0.9754192997E+00   -0.2995539938E+00   -0.3581426291E+00    0.8586350014E-01   -0.1290379843E-01   -0.4506875634E+00   -0.2140907163E-02    0.2505676605E+00
          65    0.9313137561E+00   -0.3662311454E+00   -0.3012216284E+00    0.9022265015E-01   -0.1244675124E-01    0.2420577464E+00   -0.2195175096E-02    0.5745314004E-03
          66    0.9109655707E+00   -0.3364621735E+00   -0.3335957340E+00    0.8590997936E-01   -0.1189232589E-01    0.2935783361E+00   -0.2506792305E-02   -0.4129699709E+00
          67    0.9069826035E+00   -0.3623839324E+00   -0.3130741793E+00    0.8226145427E-01   -0.1140019966E-01    0.2963311400E+00   -0.2187278504E-02   -0.6104234900E-01
          68    0.8987860488E+00   -0.3846170906E+00   -0.2892983787E+00    0.7955261399E-01   -0.1184040081E-01    0.2943726095E+00   -0.2076828113E-02   -0.9992694536E-01
          69    0.8901095708E+00   -0.3249227089E+00   -0.1632533760E+00    0.7629860837E-01   -0.9922554711E-02    0.8835570042E-01    0.2218723958E+00   -0.1297299478E-01
          70    0.8901095708E+00   -0.3249227089E+00   -0.1632533760E+00    0.7629860837E-01   -0.9922554711E-02    0.2218723958E+00    0.8835570042E-01   -0.1297299478E-01
          71    0.8934829600E+00   -0.3132379880E+00   -0.1833589302E+00    0.2186799207E-01    0.8655220182E-01   -0.6339677995E-02    0.3674278134E+00   -0.4780333385E+00
          72    0.8932116653E+00   -0.3655121970E+00   -0.3084614328E+00    0.8208317523E-01   -0.1109106213E-01    0.3332189937E+00   -0.2131776959E-02    0.1191509205E-01
          73    0.9072563637E+00   -0.3231902991E+00   -0.3554032046E+00   -0.2838198942E-01    0.9497146129E-01   -0.6949944125E-02    0.2974593495E+00   -0.4362016600E+00
          74    0.9072563637E+00   -0.3231902991E+00   -0.3554032046E+00    0.2838198942E-01    0.9497146129E-01   -0.6949944125E-02    0.2974593495E+00   -0.4362016600E+00
          75    0.9197715429E+00   -0.3486748030E+00   -0.3461812625E+00    0.8182696330E-01   -0.1165860691E-01    0.2934583722E+00   -0.2639979482E-02   -0.1535179725E+00
          76    0.8586975683E+00   -0.3861245003E+00   -0.2712633934E+00    0.4844687160E-01    0.9593494876E-01   -0.9049481905E-02    0.4059867918E+00   -0.6285998913E+00
          77    0.8981838311E+00   -0.3064729706E+00   -0.1893276308E+00    0.7095823677E-01   -0.9904513385E-02   -0.5363524561E-02    0.8071516311E-01    0.2828088524E+00
          78    0.8939020146E+00   -0.3376285302E+00   -0.3242299270E+00    0.8729621972E-01   -0.1227002039E-01    0.2907215527E+00   -0.2331016994E-02    0.1868351307E-02
          79    0.8965376765E+00   -0.3175351691E+00   -0.1859530749E+00    0.2424061156E-01    0.9274929346E-01   -0.6219477781E-02    0.3939707788E+00   -0.4825444304E+00
          80    0.8965376765E+00   -0.3175351691E+00   -0.1859530749E+00   -0.2424061156E-01    0.9274929346E-01   -0.6219477781E-02    0.3939707788E+00   -0.4825444304E+00
          81    0.8952330492E+00   -0.3341834878E+00   -0.3337905592E+00    0.8589238409E-01   -0.1169383702E-01    0.2836881464E+00   -0.2216016164E-02    0.4599537354E-03
          82    0.8932979539E+00   -0.3360545129E+00   -0.3292344441E+00    0.8655430033E-01   -0.1191577158E-01    0.2941165766E+00   -0.2258163327E-02    0.9291223381E-03
          83    0.8993005211E+00   -0.3210920185E+00   -0.1874817697E+00   -0.3173829682E-01    0.9962489432E-01   -0.6096978552E-02    0.3878228944E+00   -0.4379868604E+00
          84    0.8993005211E+00   -0.3210920185E+00   -0.1874817697E+00    0.3173829682E-01    0.9962489432E-01   -0.6096978552E-02    0.3878228944E+00   -0.4379868604E+00
          85    0.8959008330E+00   -0.3222233363E+00   -0.1830523200E+00    0.4543203299E-01    0.8662593764E-01   -0.7968557377E-02    0.4329065757E+00   -0.2423699002E+00
          86    0.9137727134E+00   -0.3443362809E+00   -0.3263498159E+00    0.8466541487E-01   -0.1111561980E-01    0.2887963651E+00   -0.2206573791E-02   -0.1040002506E+00
          87    0.8948960177E+00   -0.3358155996E+00   -0.3296696905E+00    0.8599337642E-01   -0.1185857536E-01    0.2875811955E+00   -0.2244737983E-02    0.4930260129E-03
          88    0.8872674695E+00   -0.3054346351E+00   -0.1859951868E+00    0.4655134320E-01    0.9637903565E-01   -0.7623612713E-02    0.4581401601E+00   -0.3378671789E+00
          89    0.8944941825E+00   -0.3383287022E+00   -0.3254875603E+00    0.8659988827E-01   -0.1213219440E-01    0.2861534866E+00   -0.2275744145E-02    0.1211557059E-02
          90    0.9360276310E+00   -0.3184512825E+00   -0.3746926283E+00    0.6837173469E-01    0.1005686919E+00   -0.8033501176E-02    0.2747302810E+00   -0.5469545838E+00
          91    0.8944507746E+00   -0.3366478139E+00   -0.3282929830E+00    0.8616230159E-01   -0.1185141427E-01    0.2898583936E+00   -0.2262540638E-02    0.5574451417E-03
          92    0.9002488030E+00   -0.3107879101E+00   -0.1891970184E+00    0.5757699869E-01    0.7367406659E-01   -0.9780382146E-02   -0.4991926006E-02    0.3974265320E+00
          93    0.8947137380E+00   -0.3347628597E+00   -0.3301444719E+00    0.8651724946E-01   -0.1208487972E-01    0.2890315944E+00   -0.2265249169E-02    0.6658579151E-03
          94    0.8948993044E+00   -0.3039252464E+00   -0.3564156001E+00   -0.3874285071E-01    0.1277065264E+00   -0.7811581063E-02    0.3159993219E+00   -0.6864374830E+00
          95    0.8948993044E+00   -0.3039252464E+00   -0.3564156001E+00    0.3874285071E-01    0.1277065264E+00   -0.7811581063E-02    0.3159993219E+00   -0.6864374830E+00
          96    0.8901634361E+00   -0.3137568451E+00   -0.1800293288E+00    0.2424433269E-01    0.8828066254E-01   -0.8352441589E-02    0.3443751170E+00   -0.5103523040E+00
          97    0.8857071466E+00   -0.3163463345E+00   -0.1849243252E+00    0.5432641528E-01    0.8355703163E-01   -0.9796794548E-02    0.4506209456E+00    0.7328874037E-03
          98    0.8934687880E+00   -0.3259041811E+00   -0.1781217828E+00    0.4960359021E-01    0.9013726439E-01   -0.1057510651E-01    0.4114968517E+00   -0.2836850911E+00
          99    0.8960414636E+00   -0.3138265853E+00   -0.1859136081E+00    0.6089283585E-01   -0.8606747045E-02    0.3070996851E+00    0.8501314321E-01   -0.3072703759E+00
         100    0.8960414636E+00   -0.3138265853E+00   -0.1859136081E+00    0.6089283585E-01   -0.8606747045E-02    0.8501314321E-01    0.3070996851E+00   -0.3072703759E+00
