Model_ID, [(c_i,i=0,n)_j,j=1,ntask]
           1    0.1020813088E+01   -0.5992846465E+00   -0.1089883277E+01
           2    0.1028710272E+01   -0.3016991346E+00   -0.1269907733E+01
           3    0.1008140803E+01   -0.5973202671E+00   -0.5515725623E+00
           4    0.1031675636E+01   -0.6424168908E+00   -0.3005323550E+00
           5    0.1015183789E+01   -0.5902199495E+00   -0.1242588196E+01
           6    0.1010778341E+01   -0.2966571680E+00   -0.1264252533E+01
           7    0.1016505210E+01   -0.6073692831E+00   -0.3870352951E+00
           8    0.1020747036E+01   -0.6160772337E+00   -0.4699773458E+00
           9    0.8901765592E+00   -0.6089209928E+00    0.4933740916E-01
          10    0.1014125150E+01   -0.3002452393E+00   -0.6475848824E+00
          11    0.9816425775E+00   -0.5905089505E+00   -0.5215576204E+00
          12    0.8789454617E+00   -0.5927949149E+00    0.4184346355E-01
          13    0.9914260584E+00   -0.5928415181E+00   -0.9853406905E+00
          14    0.8917110934E+00   -0.5879472141E+00    0.4549308850E-01
          15    0.9032747565E+00   -0.6004837156E+00    0.4199214596E-01
          16    0.1024647355E+01   -0.6153653818E+00   -0.3820557558E+00
          17    0.1023020669E+01   -0.6343297627E+00   -0.2901683790E+00
          18    0.9666126989E+00   -0.6409414439E+00    0.1135137385E+00
          19    0.9675077399E+00   -0.6037256686E+00   -0.1220628235E+01
          20    0.1014450168E+01   -0.6327794521E+00   -0.3671337585E+00
          21    0.1031452967E+01   -0.6280802538E+00   -0.7911758015E+00
          22    0.1024610526E+01   -0.3218814479E+00   -0.4578411996E+00
          23    0.1018104333E+01   -0.6432569911E+00   -0.3971534799E+00
          24    0.8635720731E+00   -0.5854637471E+00    0.4374034186E-01
          25    0.1034021231E+01   -0.6508445319E+00   -0.2492677682E+00
          26    0.1036385644E+01   -0.3108889349E+00   -0.4696712167E+00
          27    0.9028911228E+00   -0.6210929274E+00    0.6242728396E-01
          28    0.9059955483E+00   -0.6053069839E+00    0.5229475226E-01
          29    0.9532750745E+00   -0.6225120785E+00   -0.1097923451E+01
          30    0.9933419029E+00   -0.6081756826E+00   -0.4487742913E+00
          31    0.9184651006E+00   -0.6184859374E+00    0.6818104112E-01
          32    0.1024770981E+01   -0.3060287010E+00   -0.4621420436E+00
          33    0.1030192990E+01   -0.6297411546E+00   -0.1952061543E+00
          34    0.1011792415E+01   -0.6260715947E+00   -0.4536543707E+00
          35    0.9318157899E+00   -0.6414446046E+00    0.4903264887E-01
          36    0.1021696580E+01   -0.3176043290E+00   -0.5710549315E+00
          37    0.1032122410E+01   -0.6155303981E+00   -0.3361588939E+00
          38    0.8762546624E+00   -0.6021402842E+00    0.5044922751E-01
          39    0.9600134369E+00   -0.6303327935E+00    0.1202860246E+00
          40    0.1024942780E+01   -0.3222075967E+00   -0.3642091371E+00
          41    0.9544464287E+00   -0.6373527537E+00    0.1720769900E+00
          42    0.1040602724E+01   -0.6530251275E+00   -0.2355832288E+00
          43    0.1032616704E+01   -0.6369388287E+00   -0.1402913887E+00
          44    0.1014186783E+01   -0.5863543180E+00   -0.2489893246E+00
          45    0.8880722251E+00   -0.6146905636E+00    0.6513872150E-01
          46    0.9661421497E+00   -0.3674726087E+00   -0.3184557688E+00
          47    0.1029230887E+01   -0.3112019198E+00   -0.5559705576E+00
          48    0.9206235919E+00   -0.6099025725E+00    0.6621188430E-01
          49    0.9408424508E+00   -0.6313809260E+00    0.1064438398E+00
          50    0.9547886995E+00   -0.6146015582E+00   -0.5451311607E-01
          51    0.9057760976E+00   -0.6132747361E+00    0.5973240477E-01
          52    0.9364539764E+00   -0.6175517373E+00   -0.4922836498E-01
          53    0.1002132180E+01   -0.6212191702E+00   -0.1873213233E+00
          54    0.9878595010E+00   -0.6003806834E+00   -0.3541846344E+00
          55    0.9782322285E+00   -0.3510750664E+00   -0.3366394732E+00
          56    0.1004414064E+01   -0.6077465035E+00   -0.3218927297E+00
          57    0.9957613277E+00   -0.6076574147E+00   -0.3549015236E+00
          58    0.9194213153E+00   -0.6170014474E+00    0.4588451377E-01
          59    0.9955433914E+00   -0.2952780387E+00   -0.6340536961E+00
          60    0.9274246736E+00   -0.6158490938E+00    0.1391760190E+00
          61    0.9470986359E+00   -0.6265264023E+00    0.1825828235E+00
          62    0.1028982708E+01   -0.6346979496E+00   -0.1469566621E+00
          63    0.9905439800E+00   -0.6089064045E+00   -0.1596934851E+00
          64    0.9292975025E+00   -0.6283517037E+00    0.1639037431E+00
          65    0.9296094731E+00   -0.6324548385E+00    0.7556695656E-01
          66    0.9229628852E+00   -0.6110643592E+00   -0.5218092810E-01
          67    0.1015353449E+01   -0.3172791576E+00   -0.3557801383E+00
          68    0.1016121489E+01   -0.6168428882E+00   -0.1609491174E+00
          69    0.9985050810E+00   -0.6314704376E+00   -0.2646842064E+00
          70    0.1040251669E+01   -0.3265548447E+00   -0.3459489420E+00
          71    0.9518866030E+00   -0.6348636064E+00    0.9129587526E-01
          72    0.9148304051E+00   -0.6226244484E+00    0.1763796237E+00
          73    0.9741898955E+00   -0.6516124305E+00    0.1485452758E+00
          74    0.9679086677E+00   -0.6425780475E+00    0.1637120035E+00
          75    0.1027234361E+01   -0.3277599332E+00   -0.4799077056E+00
          76    0.9448992836E+00   -0.6125911018E+00    0.1527230309E+00
          77    0.9778852281E+00   -0.6155364541E+00   -0.1343421679E+01
          78    0.9717838556E+00   -0.6412001248E+00   -0.1163101785E+01
          79    0.1032030907E+01   -0.3220853535E+00   -0.3441857157E+00
          80    0.9478193830E+00   -0.6307628827E+00    0.8314538006E-01
          81    0.9529219275E+00   -0.6380263319E+00    0.3791196289E-01
          82    0.9923161670E+00   -0.6248214419E+00   -0.2621665659E+00
          83    0.1025453747E+01   -0.3145247784E+00   -0.2433778984E+00
          84    0.9207098901E+00   -0.6419718801E+00    0.2014720534E-01
          85    0.8786465995E+00   -0.5904111072E+00    0.4928797360E-01
          86    0.9531371831E+00   -0.6238909836E+00    0.1379690648E+00
          87    0.9809248744E+00   -0.3723848263E+00   -0.3167966765E+00
          88    0.1000361044E+01   -0.5866718868E+00   -0.5241442624E+00
          89    0.1036028476E+01   -0.5814599220E+00   -0.2617969069E+00
          90    0.9315886956E+00   -0.6286711830E+00    0.5831528998E-01
          91    0.1023299074E+01   -0.6475449875E+00   -0.1413100833E+00
          92    0.9135890354E+00   -0.6091994490E+00    0.1463392168E+00
          93    0.9273364226E+00   -0.6296006885E+00    0.2295428035E-01
          94    0.1050979795E+01   -0.6563951049E+00   -0.1428510558E+00
          95    0.9999444511E+00   -0.6192262244E+00   -0.7117698043E+00
          96    0.1010026262E+01   -0.5891027159E+00   -0.9847624077E+00
          97    0.1035377105E+01   -0.5951846999E+00   -0.2372089321E+00
          98    0.1000617093E+01   -0.6259572330E+00   -0.1405227243E+00
          99    0.9273981470E+00   -0.6293676864E+00    0.3688535637E-01
         100    0.1013578099E+01   -0.6044187306E+00   -0.4593070069E+00
