Model_ID, [(c_i,i=0,n)_j,j=1,ntask]
           1    0.9541994853E+00   -0.6330532815E+00
           2    0.9804508315E+00   -0.6413548236E+00
           3    0.1001958198E+01   -0.4989454418E+00
           4    0.9410847504E+00   -0.6261170911E+00
           5    0.9741988800E+00   -0.6293730405E+00
           6    0.8792866994E+00   -0.1115133317E+01
           7    0.9078713796E+00   -0.6668099562E+00
           8    0.9786393221E+00   -0.9550961948E+00
           9    0.9496160108E+00   -0.4947825809E+00
          10    0.1034954114E+01   -0.5032948675E+00
          11    0.8721546606E+00   -0.1056074469E+01
          12    0.9633017976E+00   -0.6932166100E+00
          13    0.8697029883E+00   -0.1240820258E+01
          14    0.9415035833E+00   -0.1042153093E+01
          15    0.9798210373E+00   -0.3237832046E+00
          16    0.8720757281E+00   -0.1197240694E+01
          17    0.9244418425E+00   -0.6879061208E+00
          18    0.9535343324E+00   -0.2507042685E+00
          19    0.9168018647E+00   -0.6479239024E+00
          20    0.9667906275E+00   -0.6334556363E+00
          21    0.9833743497E+00   -0.4853581536E+00
          22    0.8622350832E+00   -0.1239404824E+01
          23    0.9997707737E+00   -0.9499661434E+00
          24    0.9453312986E+00   -0.6738906257E+00
          25    0.9609286008E+00   -0.3184458916E+00
          26    0.9702566920E+00   -0.4946812606E+00
          27    0.9651501941E+00   -0.5029008385E+00
          28    0.8882961718E+00   -0.1135445580E+01
          29    0.9293531486E+00   -0.5454223040E+00
          30    0.9432569793E+00   -0.5565987530E+00
          31    0.8757019145E+00   -0.1381322934E+01
          32    0.9018622922E+00   -0.6872201296E+00
          33    0.9303394010E+00   -0.9700166255E+00
          34    0.9551180687E+00   -0.1026708922E+01
          35    0.9209462597E+00   -0.9876266570E+00
          36    0.9221031125E+00   -0.1066652436E+01
          37    0.9586947819E+00   -0.3985977968E+00
          38    0.9741847130E+00   -0.3925206132E+00
          39    0.9725214058E+00   -0.4797515277E+00
          40    0.8724633370E+00   -0.1384716291E+01
