        Rank        RMSE       MaxAE  Feature_ID
           1    0.023530    0.060710  (      19      24      81     152     186     204)
           2    0.023740    0.057911  (       2      12      81     152     183     201)
           3    0.024034    0.076817  (      12      25      81     105     152     186)
           4    0.024264    0.063007  (      12      25      81     152     182     186)
           5    0.024264    0.063007  (      12      25      81     152     186     212)
           6    0.024370    0.062997  (      12      25      81     152     179     186)
           7    0.024476    0.074204  (      24      25      81     152     182     186)
           8    0.024476    0.074204  (      24      25      81     152     186     212)
           9    0.024559    0.058994  (      12      15      81     152     183     221)
          10    0.024578    0.059048  (       2      12      81     152     183     221)
          11    0.024609    0.065679  (      19      24      81     152     186     226)
          12    0.024634    0.065640  (      24      25      81     152     165     234)
          13    0.024659    0.083017  (      12      20      81     152     186     204)
          14    0.024696    0.057562  (       2      12      81     152     183     204)
          15    0.024782    0.074440  (      24      25      81     152     179     186)
          16    0.024796    0.058756  (      12      19      81     152     186     204)
          17    0.024806    0.075790  (      12      25      81     152     186     204)
          18    0.024859    0.057317  (       2      12      81     152     173     183)
          19    0.024884    0.056669  (       7      12      81     152     186     204)
          20    0.024944    0.058048  (      19      24      81     152     196     204)
          21    0.024999    0.056070  (      19      24      81     152     196     226)
          22    0.025014    0.054487  (      12      25      81     152     165     234)
          23    0.025026    0.058599  (       2      12      81     152     183     205)
          24    0.025051    0.053797  (      12      15      81     152     183     201)
          25    0.025055    0.057559  (       2      12      81     152     183     214)
          26    0.025057    0.058809  (      12      19      81     152     186     226)
          27    0.025073    0.058291  (       2      12      81     152     183     202)
          28    0.025075    0.071162  (       2      12      81     152     172     221)
          29    0.025101    0.066720  (      12      15      81     152     172     221)
          30    0.025180    0.072959  (      12      25      81     105     124     186)
          31    0.025195    0.057830  (       2      12      81     152     162     183)
          32    0.025230    0.057178  (       2      12      81     152     174     183)
          33    0.025234    0.066345  (      12      25      81     152     164     186)
          34    0.025296    0.065164  (       5      12      35      81     152     234)
          35    0.025333    0.059396  (       2      12      81     152     183     234)
          36    0.025339    0.069400  (       5      12      33      81     152     234)
          37    0.025410    0.081520  (      12      25      81     152     186     226)
          38    0.025432    0.087103  (      12      20      81     152     197     204)
          39    0.025439    0.064337  (       2      12      81     124     161     174)
          40    0.025442    0.057329  (       2      12      81     152     183     219)
          41    0.025453    0.059156  (       2      12      81     152     183     196)
          42    0.025466    0.060151  (       2      12      81     152     183     216)
          43    0.025466    0.078961  (      12      20      81     152     164     204)
          44    0.025467    0.075108  (       5      12      36      81     152     234)
          45    0.025481    0.054912  (       7      24      81     152     186     204)
          46    0.025483    0.057436  (       2      12      81     152     183     210)
          47    0.025500    0.060791  (       2      12      81     152     183     208)
          48    0.025502    0.060760  (       2      12      81     152     183     206)
          49    0.025502    0.062771  (       2      12      81     152     183     235)
          50    0.025511    0.057743  (       2      12      81     152     171     183)
          51    0.025549    0.063934  (       2      12      81     124     161     171)
          52    0.025549    0.061716  (       2      12      81     124     161     205)
          53    0.025570    0.057830  (       2      12      81     152     183     211)
          54    0.025596    0.061752  (      19      24      81     152     196     221)
          55    0.025597    0.060631  (      12      20      81     152     183     201)
          56    0.025598    0.059621  (       2       6      46      81      95     124)
          57    0.025598    0.059621  (       2       6      46      81     124     125)
          58    0.025610    0.058920  (      24      25      81     152     169     186)
          59    0.025611    0.056858  (       7      12      81     152     186     226)
          60    0.025614    0.062049  (      12      25      81     152     169     186)
          61    0.025617    0.065612  (       2      12      81     152     183     203)
          62    0.025630    0.056847  (       2      12      81     152     167     183)
          63    0.025662    0.064936  (      12      25      81     152     165     186)
          64    0.025664    0.055672  (       2      12      81     152     183     213)
          65    0.025665    0.066769  (       2      18      81     152     169     234)
          66    0.025667    0.078757  (      12      25      81     124     186     212)
          67    0.025667    0.078757  (      12      25      81     124     182     186)
          68    0.025679    0.059223  (       2      12      81     152     183     227)
          69    0.025681    0.088192  (      24      25      81     105     152     186)
          70    0.025684    0.062719  (       2      12      81     124     161     214)
          71    0.025689    0.057631  (       2      12      81     152     183     226)
          72    0.025701    0.058345  (       2      12      81     152     178     183)
          73    0.025706    0.059422  (       5      12      81     152     183     201)
          74    0.025716    0.059565  (       5      36      81     152     169     234)
          75    0.025719    0.077760  (      12      25      81     124     179     186)
          76    0.025733    0.070039  (      24      25      81     152     165     173)
          77    0.025739    0.078320  (       5      18      81     152     169     234)
          78    0.025740    0.059624  (       2      12      81     152     183     197)
          79    0.025743    0.088862  (      24      25      81     152     186     204)
          80    0.025752    0.056186  (       2      12      81     152     183     223)
          81    0.025754    0.057863  (       2      12      81     152     183     239)
          82    0.025766    0.055886  (      12      15      81     152     183     204)
          83    0.025775    0.081510  (      12      25      81     152     164     196)
          84    0.025776    0.073089  (       2      18      70      81     152     169)
          85    0.025778    0.060393  (       2      12      81     152     183     212)
          86    0.025778    0.060393  (       2      12      81     152     182     183)
          87    0.025794    0.074445  (      24      25      81     124     182     186)
          88    0.025794    0.074445  (      24      25      81     124     186     212)
          89    0.025796    0.067534  (      24      25      81     152     182     196)
          90    0.025796    0.067534  (      24      25      81     152     196     212)
          91    0.025804    0.065766  (       2      12      81     124     161     164)
          92    0.025817    0.058888  (       2       6      46      81      95     152)
          93    0.025817    0.058888  (       2       6      46      81     125     152)
          94    0.025825    0.085835  (      12      20      81     105     152     186)
          95    0.025826    0.075155  (      24      25      81     152     179     196)
          96    0.025826    0.070213  (       2      27      81      83     152     169)
          97    0.025826    0.070213  (       2      27      81     121     152     169)
          98    0.025830    0.052900  (       2      12      81     124     169     179)
          99    0.025834    0.059920  (       2      12      81     152     183     220)
         100    0.025842    0.057867  (       2      12      81     152     183     187)
