Model_ID, [(c_i,i=0,n)_j,j=1,ntask]
           1    0.8930531837E+00   -0.3519362487E+00   -0.3174840884E+00    0.8517465051E-01   -0.1166273661E-01    0.3025471636E+00   -0.2168511130E-02
           2    0.9837428543E+00   -0.2777574350E+00   -0.3628362748E+00    0.8830145441E-01   -0.1295062362E-01   -0.5369056825E+00   -0.2390092089E-02
           3    0.8859303116E+00   -0.3109451279E+00   -0.1895135050E+00    0.5386643871E-01    0.8297784395E-01   -0.9457920772E-02    0.4573442268E+00
           4    0.8850938095E+00   -0.3034112508E+00   -0.1913781435E+00    0.6844093846E-01   -0.9712805169E-02    0.8597424008E-01    0.3366150498E+00
           5    0.8850938095E+00   -0.3034112508E+00   -0.1913781435E+00    0.6844093846E-01   -0.9712805169E-02    0.3366150498E+00    0.8597424008E-01
           6    0.8837064620E+00   -0.3063095585E+00   -0.1896541726E+00    0.6869743824E-01   -0.9600607557E-02    0.8782229536E-01    0.3347441533E+00
           7    0.8788039273E+00   -0.2894474693E+00   -0.1934812247E+00    0.7073411468E-01   -0.1015372546E-01    0.9070428173E-01    0.2973593866E+00
           8    0.8788039273E+00   -0.2894474693E+00   -0.1934812247E+00    0.7073411468E-01   -0.1015372546E-01    0.2973593866E+00    0.9070428173E-01
           9    0.9797471075E+00   -0.3748121504E+00   -0.1282433325E+00    0.8522429955E-01   -0.1167107795E-01   -0.5230116611E+00   -0.1755773544E-01
          10    0.9773664183E+00   -0.2728767220E+00   -0.3591052338E+00    0.8278488241E-01   -0.1206883545E-01   -0.4585731975E+00   -0.1466836108E-01
          11    0.8978910349E+00   -0.3669201604E+00   -0.3163677472E+00    0.7762889645E-01   -0.1129187875E-01    0.3264062712E+00   -0.3718393160E-02
          12    0.8854253981E+00   -0.2691897278E+00   -0.2061555297E+00    0.7926690636E-01   -0.1096443965E-01    0.7553982623E-01    0.6949660208E+00
          13    0.9305704719E+00   -0.3526230869E+00   -0.3151973567E+00    0.9007554643E-01   -0.1257449124E-01    0.2555020641E+00   -0.2168729680E-02
          14    0.9758509198E+00   -0.2900335376E+00   -0.3547026511E+00    0.9134217230E-01   -0.1329130162E-01   -0.4766759863E+00   -0.1797265465E-02
          15    0.8777518785E+00   -0.2915408601E+00   -0.1920712861E+00    0.7102030951E-01   -0.1004111863E-01    0.9105806871E-01    0.2964765118E+00
          16    0.8986623682E+00   -0.3344568335E+00   -0.3438576345E+00    0.8335527574E-01   -0.1117685182E-01    0.3389198382E+00   -0.2216930411E-02
          17    0.9206474855E+00   -0.3421747405E+00   -0.1673361705E+00    0.8123316233E-01   -0.1090420513E-01    0.3443657713E+00   -0.1856416507E-02
          18    0.9644352435E+00   -0.3523789053E+00   -0.3196542393E+00    0.7575540812E-01   -0.1266887620E-01    0.3254432212E+00   -0.4015317322E+00
          19    0.8952156477E+00   -0.3674313064E+00   -0.3148469164E+00    0.8520746767E-01   -0.1209632850E-01    0.3122204914E+00   -0.2269734609E-02
          20    0.8933421305E+00   -0.3718694340E+00   -0.3082270917E+00    0.9038151601E-01   -0.1247283213E-01    0.8377266744E+00   -0.1814829894E-02
          21    0.8973034750E+00   -0.3870069612E+00   -0.3059921840E+00    0.8488160569E-01   -0.1221880227E-01    0.9207947117E+00   -0.3288658148E-02
          22    0.8872778993E+00   -0.2792620334E+00   -0.2034051276E+00    0.7862769602E-01   -0.1047078032E-01    0.8463165051E-01    0.6748365074E+00
          23    0.9669144720E+00   -0.3584286521E+00   -0.3146346934E+00    0.7451157272E-01   -0.1289786819E-01   -0.4158628906E+00    0.2940120405E+00
          24    0.9864005226E+00   -0.3815427334E+00   -0.1308463376E+00    0.9075077513E-01   -0.1275425231E-01   -0.6183331211E+00   -0.2587609642E-02
          25    0.9679201513E+00   -0.3510367439E+00   -0.3278138840E+00    0.7398744570E-01   -0.1276605191E-01   -0.4069320563E+00    0.3484844178E+00
          26    0.9054843484E+00   -0.3393134147E+00   -0.3535100983E+00    0.7630488077E-01   -0.1085814378E-01    0.3595179538E+00   -0.4112555963E-02
          27    0.9823738353E+00   -0.3048935763E+00   -0.3467272635E+00    0.8522350269E-01   -0.1257402470E-01   -0.5032075550E+00   -0.2069618525E-01
          28    0.9779816315E+00   -0.2638571554E+00   -0.3693848969E+00    0.8596821567E-01   -0.1200829770E-01   -0.4177386290E+00   -0.1611573440E-01
          29    0.9804483726E+00   -0.3862017892E+00   -0.1232616426E+00    0.8874669829E-01   -0.1161986062E-01   -0.4760744678E+00   -0.1909378563E-01
          30    0.8800729194E+00   -0.3113063402E+00   -0.1858090063E+00    0.5961774885E-01    0.8713535075E-01   -0.1235274713E-01    0.4393567968E+00
          31    0.9609459523E+00   -0.3480876371E+00   -0.3120715413E+00    0.7698802671E-01   -0.1277318443E-01    0.3570314354E+00   -0.3996783724E+00
          32    0.9654640425E+00   -0.3446311568E+00   -0.3223881809E+00    0.7515093555E-01   -0.1301035779E-01    0.2644276067E+00   -0.4066439623E+00
          33    0.8880087884E+00   -0.3080416734E+00   -0.1814217190E+00    0.7384099198E-01   -0.9602352950E-02    0.6627039424E-01    0.2686075836E+00
          34    0.9283940107E+00   -0.3547957077E+00   -0.1858724138E+00   -0.2404435751E+00    0.7585539474E-01   -0.1208467909E-01    0.9111925362E+00
          35    0.9667083169E+00   -0.3695951339E+00   -0.3052084773E+00    0.7764755975E-01   -0.1323926179E-01   -0.4226273715E+00    0.4717319012E+00
          36    0.9301049592E+00   -0.3516979075E+00   -0.1942812655E+00   -0.2308585792E+00    0.7515450583E-01   -0.1178473513E-01    0.9385262366E+00
          37    0.9262406888E+00   -0.3459537003E+00   -0.1714881027E+00    0.7491559978E-01   -0.1062576948E-01    0.3626160909E+00   -0.3259955483E-02
          38    0.9259315104E+00   -0.3343675222E+00   -0.3149924549E+00    0.9589993907E-01   -0.1165420952E-01    0.1585370169E+00   -0.2156117646E-02
          39    0.9626080082E+00   -0.3808245821E+00   -0.2891664963E+00    0.9025797803E-01   -0.1988916378E-01   -0.2616145947E+00    0.2845107755E+00
          40    0.9660208578E+00   -0.3540270910E+00   -0.3183888057E+00    0.7756015487E-01   -0.1285507143E-01   -0.4084306897E+00    0.3027566698E+00
          41    0.9608506087E+00   -0.3607919051E+00   -0.3063930736E+00    0.7855881124E-01   -0.1294407686E-01   -0.3988217693E+00    0.4348126217E+00
          42    0.9827965640E+00   -0.2970331995E+00   -0.3428036011E+00    0.8377884595E-01   -0.1215721329E-01   -0.5275853257E+00   -0.1110498302E-01
          43    0.9058306709E+00   -0.3541743185E+00   -0.2857274757E+00    0.1009566541E+00   -0.1197688836E-01    0.8124020868E-01   -0.2108555751E-02
          44    0.9239292850E+00   -0.3578855664E+00   -0.1494751032E+00   -0.3179214528E+00    0.7679857632E-01   -0.1237556316E-01    0.1050860184E+01
          45    0.8893817507E+00   -0.3759500082E+00   -0.2966910524E+00    0.8729197526E-01   -0.1256080242E-01    0.2767117233E+00   -0.2235846544E-02
          46    0.9932374525E+00   -0.2928771682E+00   -0.3631907819E+00    0.8122816262E-01   -0.1277437099E-01   -0.5623510810E+00   -0.3704756313E-02
          47    0.9354551388E+00   -0.3327220653E+00   -0.3066310219E+00    0.7633619656E-01   -0.1215828044E-01   -0.4731291955E+00    0.4652219347E-01
          48    0.9870254382E+00   -0.3063943911E+00   -0.3465614208E+00    0.8471539374E-01   -0.1290706141E-01   -0.5586036344E+00   -0.6254338964E-01
          49    0.9708911563E+00   -0.3395762105E+00   -0.3366244152E+00    0.7630537246E-01   -0.1290619534E-01   -0.4274669320E+00    0.3981430463E+00
          50    0.9650024984E+00   -0.3482788906E+00   -0.3134644740E+00    0.7500413492E-01   -0.1313278992E-01    0.1557590571E+00   -0.4164573504E+00
          51    0.9612736240E+00   -0.3853808693E+00   -0.2793372410E+00    0.9028059827E-01   -0.2024000809E-01   -0.2601936675E+00    0.1746134629E+00
          52    0.9640865517E+00   -0.3957653869E+00   -0.2804753441E+00    0.8978274885E-01   -0.1977596125E-01   -0.2633702778E+00    0.3073035422E+00
          53    0.9643571695E+00   -0.3490660602E+00   -0.3168294956E+00    0.7714487867E-01   -0.1314617248E-01   -0.4176286315E+00    0.4915302070E+00
          54    0.8983859162E+00   -0.3471632860E+00   -0.3196404343E+00    0.8153930310E-01   -0.1143023754E-01    0.7968949876E+00   -0.1388312107E-01
          55    0.9778965203E+00   -0.3997500600E+00   -0.2404218411E+00    0.9312547733E-01   -0.1308803859E-01   -0.4942385478E+00   -0.3033542543E-02
          56    0.9458946225E+00   -0.4316832772E+00   -0.2847386507E+00   -0.6874110248E+00    0.7506248046E-01   -0.4047087244E-01   -0.1326076419E-01
          57    0.9458946225E+00   -0.4316832772E+00   -0.2847386507E+00   -0.6874110248E+00    0.7506248046E-01   -0.1326076419E-01    0.4047087244E-01
          58    0.9237171589E+00   -0.2988768508E+00   -0.1900991216E+00    0.7240252523E-01   -0.1105317843E-01   -0.6696549272E-02    0.2851675381E+00
          59    0.9016988064E+00   -0.3773258076E+00   -0.3199180874E+00    0.7772379656E-01   -0.1179906860E-01    0.3328933789E+00   -0.4076069277E-02
          60    0.9270467361E+00   -0.3116897197E+00   -0.1885858526E+00    0.6985446667E-01   -0.1052663979E-01   -0.6054820357E-02    0.3295847030E+00
          61    0.9879496542E+00   -0.3111671854E+00   -0.3465588663E+00    0.7952656699E-01   -0.1261416219E-01   -0.5292561570E+00   -0.1963743294E-01
          62    0.9615443383E+00   -0.3416132510E+00   -0.3165560384E+00    0.7637950210E-01   -0.1290160489E-01    0.2330258211E+00   -0.4012449570E+00
          63    0.8898959397E+00   -0.2950340737E+00   -0.1891774463E+00    0.7290832640E-01   -0.9735905674E-02    0.6265783546E-01    0.2477056677E+00
          64    0.9662140877E+00   -0.3203615052E+00   -0.3245506703E+00    0.7904693697E-01   -0.1315277687E-01   -0.4483282464E+00   -0.1176152337E+01
          65    0.9494013429E+00   -0.3655014904E+00   -0.1172652127E+00    0.8750218657E-01   -0.1369485641E-01   -0.8736836743E-02    0.5523113337E+00
          66    0.8795897165E+00   -0.3032563420E+00   -0.1877902397E+00    0.7488552029E-01   -0.1260228250E-01    0.3137605298E+00    0.8833030152E-01
          67    0.8795897165E+00   -0.3032563420E+00   -0.1877902397E+00    0.7488552029E-01   -0.1260228250E-01    0.8833030152E-01    0.3137605298E+00
          68    0.9611370003E+00   -0.3176131593E+00   -0.3238384678E+00    0.7896185994E-01   -0.1230099780E-01   -0.4427131311E+00   -0.7195198942E+00
          69    0.8830108060E+00   -0.2908605612E+00   -0.1942218950E+00    0.5748552110E-01    0.7549918002E-01   -0.9937493617E-02    0.4172313994E+00
          70    0.9650826385E+00   -0.3870967292E+00   -0.2947294880E+00    0.8900984489E-01   -0.1950195969E-01   -0.2570927249E+00    0.3595859886E+00
          71    0.9831830062E+00   -0.2970344848E+00   -0.3578519250E+00    0.8539347098E-01   -0.1310121180E-01   -0.4992584335E+00   -0.2980330839E-02
          72    0.9590888167E+00   -0.3585926317E+00   -0.3019302907E+00    0.8177970466E-01   -0.1285988018E-01    0.3564174346E+00   -0.4020406680E+00
          73    0.9764329190E+00   -0.2465180621E+00   -0.3897862631E+00    0.9139518334E-01   -0.1179074874E-01   -0.4759072737E+00   -0.2905301835E-02
          74    0.9236093175E+00   -0.3786259228E+00   -0.5081100867E+00    0.7924742294E-01   -0.1238453285E-01   -0.5682299672E-02    0.1016856809E+01
          75    0.8780737332E+00   -0.3062318639E+00   -0.1860517895E+00    0.7509551671E-01   -0.1245794232E-01    0.9069645910E-01    0.3117420917E+00
          76    0.8871282302E+00   -0.2934706210E+00   -0.1892029212E+00    0.7746892867E-01   -0.1042044488E-01    0.7213682402E-01    0.3953292825E+00
          77    0.9365067765E+00   -0.3544619458E+00   -0.1218757218E+00    0.8848844534E-01   -0.1212589319E-01   -0.7310331492E-02    0.7279402325E+00
          78    0.9560481536E+00   -0.3511511871E+00   -0.3013742947E+00    0.7806434299E-01   -0.1188166504E-01   -0.3872183824E+00    0.9956372657E-01
          79    0.9149038753E+00   -0.3234002529E+00   -0.1712931125E+00    0.8348117734E-01   -0.1138542710E-01    0.3060079573E+00   -0.1814108949E-02
          80    0.9938901917E+00   -0.3135148397E+00   -0.3487518275E+00    0.7801625468E-01   -0.1206065078E-01   -0.5727002977E+00   -0.6103329423E+00
          81    0.9666206354E+00   -0.3510778916E+00   -0.3160673747E+00    0.7416979704E-01   -0.1288947227E-01   -0.4180665917E+00    0.2190777880E+00
          82    0.9779873543E+00   -0.3732277024E+00   -0.1371557969E+00    0.9461385041E-01   -0.1311986758E-01   -0.5549334164E+00   -0.2015996595E-02
          83    0.8870412693E+00   -0.2985044491E+00   -0.1881121253E+00    0.8121954909E-01   -0.1025797524E-01    0.7268153316E-01    0.7029619959E+00
          84    0.9766879561E+00   -0.3837373038E+00   -0.9779652558E-01   -0.3018676719E+00    0.8392112152E-01   -0.1194364266E-01   -0.9190493690E-02
          85    0.9461537243E+00   -0.3433698920E+00   -0.3112711046E+00    0.7916661294E-01   -0.1237291550E-01   -0.4215792034E+00    0.6662531937E-01
          86    0.9461537243E+00   -0.3433698920E+00   -0.3112711046E+00    0.7916661294E-01   -0.1237291550E-01    0.6662531937E-01   -0.4215792034E+00
          87    0.8732160751E+00   -0.2899931468E+00   -0.1893835284E+00    0.7764916272E-01   -0.1328947561E-01    0.9306784179E-01    0.2728585773E+00
          88    0.8732160751E+00   -0.2899931468E+00   -0.1893835284E+00    0.7764916272E-01   -0.1328947561E-01    0.2728585773E+00    0.9306784179E-01
          89    0.8850081326E+00   -0.2873910709E+00   -0.1983487140E+00    0.7837202341E-01   -0.1112688318E-01    0.8057305790E-01    0.8089670032E+00
          90    0.8850081326E+00   -0.2873910709E+00   -0.1983487140E+00    0.7837202341E-01   -0.1112688318E-01    0.8089670032E+00    0.8057305790E-01
          91    0.9369510586E+00   -0.3663313249E+00   -0.2812135199E+00    0.9578714292E-01   -0.1807169700E-01   -0.2439203624E+00    0.5753580386E-01
          92    0.9444394735E+00   -0.3998223716E+00   -0.3573511098E+00   -0.6402055143E+00    0.6932783345E-01   -0.3577123599E-01   -0.1001313408E-01
          93    0.9444394735E+00   -0.3998223716E+00   -0.3573511098E+00   -0.6402055143E+00    0.6932783345E-01    0.3577123599E-01   -0.1001313408E-01
          94    0.8964555879E+00   -0.3240064848E+00   -0.3580668573E+00    0.6143935109E-01    0.8192687918E-01   -0.1131031287E-01    0.3615512088E+00
          95    0.8833480734E+00   -0.2886783025E+00   -0.1974390216E+00    0.7858531899E-01   -0.1100627352E-01    0.8245521690E-01    0.8124644209E+00
          96    0.9592803215E+00   -0.3564859555E+00   -0.2233258914E+00    0.9029428266E-01   -0.2099482690E-01   -0.1310996287E-01   -0.1013531483E-01
          97    0.9592803215E+00   -0.3564859555E+00   -0.2233258914E+00    0.9029428266E-01    0.2099482690E-01   -0.1310996287E-01   -0.1013531483E-01
          98    0.9221556689E+00   -0.3740527577E+00   -0.2837602168E+00    0.8992341712E-01   -0.1629767942E-01   -0.7138889036E-02    0.8763849495E-01
          99    0.9589327880E+00   -0.3514420690E+00   -0.2985966084E+00    0.7898529679E-01   -0.1274117116E-01   -0.4139039882E+00    0.2013865219E+00
         100    0.9634233765E+00   -0.3446180693E+00   -0.3124061868E+00    0.7523180546E-01   -0.1303523868E-01   -0.4143470097E+00    0.1151997399E+00
