        Rank        RMSE       MaxAE  Feature_ID
           1    0.020040    0.054851  (      12      25      81     105     124     186     266)
           2    0.020452    0.064165  (      19      24      81     152     186     204     244)
           3    0.020691    0.054309  (      19      24      81     105     152     186     266)
           4    0.020737    0.061734  (      19      24      81     152     186     204     272)
           5    0.020769    0.046512  (      19      24      81     152     186     204     245)
           6    0.020787    0.065665  (      19      24      81     152     186     204     241)
           7    0.020794    0.041549  (      19      24      81     152     186     204     242)
           8    0.020810    0.045885  (      19      24      81     152     196     204     247)
           9    0.020839    0.041896  (      19      24      81     152     186     204     250)
          10    0.020846    0.064236  (      19      24      81     152     186     204     248)
          11    0.020865    0.044342  (      19      24      81     152     186     204     266)
          12    0.020875    0.043712  (      19      24      81     152     186     204     247)
          13    0.020903    0.043229  (      19      24      81     152     186     204     267)
          14    0.020904    0.046723  (      19      24      81     152     186     204     251)
          15    0.020958    0.060048  (      19      24      81     152     186     204     277)
          16    0.020963    0.059294  (      12      25      81     105     152     186     245)
          17    0.020971    0.063559  (      19      24      81     152     186     204     263)
          18    0.020974    0.062415  (      19      24      81     152     186     204     253)
          19    0.020986    0.063406  (      19      24      81     152     186     204     249)
          20    0.021007    0.045507  (      19      24      81     152     186     204     276)
          21    0.021014    0.063616  (      12      19      81     105     152     186     266)
          22    0.021038    0.050691  (      19      24      81     152     186     204     261)
          23    0.021039    0.052914  (      12      25      81     105     152     186     221)
          24    0.021042    0.058793  (      19      24      81     152     186     204     262)
          25    0.021063    0.044887  (      12      20      81     152     186     204     271)
          26    0.021098    0.059494  (      12      20      41     105     152     186     245)
          27    0.021098    0.059494  (      12      20     100     105     152     186     245)
          28    0.021120    0.056009  (      24      25      81     152     169     186     212)
          29    0.021120    0.056009  (      24      25      81     152     169     182     186)
          30    0.021139    0.053799  (      12      25      88     105     124     186     266)
          31    0.021139    0.053799  (      12      25      42     105     124     186     266)
          32    0.021142    0.043244  (      19      24      81     152     186     204     260)
          33    0.021153    0.067873  (      12      25      41     105     124     186     245)
          34    0.021153    0.067873  (      12      25     100     105     124     186     245)
          35    0.021156    0.046796  (      19      24      81     152     186     204     243)
          36    0.021163    0.056636  (      24      25      81     152     169     179     186)
          37    0.021189    0.063002  (      19      24      81     152     186     204     246)
          38    0.021203    0.058440  (      19      24      81     152     186     204     256)
          39    0.021204    0.044829  (      12      20      81     152     186     204     274)
          40    0.021215    0.066303  (      12      25      48     105     152     186     260)
          41    0.021225    0.053079  (      12      20      68     105     152     186     251)
          42    0.021225    0.058618  (      19      24      81     152     186     204     280)
          43    0.021237    0.051929  (      12      20      81     105     124     186     266)
          44    0.021244    0.058909  (      19      24      81     152     186     204     270)
          45    0.021266    0.051515  (      12      20      48     105     152     186     251)
          46    0.021288    0.046233  (      12      20      81     152     186     204     259)
          47    0.021292    0.045721  (      12      20      81     152     186     204     269)
          48    0.021293    0.054187  (      19      24      81     152     186     226     261)
          49    0.021296    0.045128  (      12      20      81     152     186     204     279)
          50    0.021303    0.068245  (      12      20      42     105     124     174     266)
          51    0.021303    0.068245  (      12      20      88     105     124     174     266)
          52    0.021304    0.059201  (      12      20      45     105     152     186     245)
          53    0.021311    0.039320  (      19      24      81     152     186     204     255)
          54    0.021321    0.053149  (      19      24      81     152     186     204     275)
          55    0.021343    0.055833  (      12      20      68     105     152     186     245)
          56    0.021361    0.054527  (      12      20      41     105     124     186     251)
          57    0.021361    0.054527  (      12      20     100     105     124     186     251)
          58    0.021372    0.044443  (      19      24      81     152     186     204     273)
          59    0.021373    0.050123  (      19      24      81     152     186     204     264)
          60    0.021376    0.065198  (      19      24      81     152     186     204     278)
          61    0.021382    0.068030  (      12      25     100     105     124     186     251)
          62    0.021382    0.068030  (      12      25      41     105     124     186     251)
          63    0.021384    0.044911  (      12      20      81     152     186     204     252)
          64    0.021391    0.045712  (       2      12      81     152     183     201     219)
          65    0.021392    0.048785  (      12      20      81     152     186     204     258)
          66    0.021397    0.056186  (      19      24      81     152     186     204     268)
          67    0.021404    0.045243  (      19      24      81     152     186     204     257)
          68    0.021410    0.057008  (      19      24      81     124     186     204     272)
          69    0.021412    0.051490  (      24      25      81     152     182     186     221)
          70    0.021412    0.051490  (      24      25      81     152     186     212     221)
          71    0.021418    0.061421  (      12      25      45     105     152     186     245)
          72    0.021428    0.058962  (      19      24      81     152     186     204     265)
          73    0.021434    0.059297  (      12      20     100     105     152     186     251)
          74    0.021434    0.059297  (      12      20      41     105     152     186     251)
          75    0.021435    0.056827  (       7      12      81     152     186     204     247)
          76    0.021442    0.055254  (      19      24      81     105     124     186     266)
          77    0.021443    0.052257  (      12      25      81     152     169     179     186)
          78    0.021448    0.052916  (      19      24      81     152     186     204     274)
          79    0.021454    0.066043  (      12      25      41     105     152     186     245)
          80    0.021454    0.066043  (      12      25     100     105     152     186     245)
          81    0.021455    0.050430  (      19      24      81     152     186     204     258)
          82    0.021457    0.049884  (      19      24      81     152     186     204     252)
          83    0.021458    0.060903  (      12      25      88     105     152     186     245)
          84    0.021458    0.060903  (      12      25      42     105     152     186     245)
          85    0.021459    0.058915  (      12      25      81     105     152     186     251)
          86    0.021463    0.063166  (      19      24      81     152     186     204     254)
          87    0.021483    0.050438  (      19      24      81     152     186     204     259)
          88    0.021492    0.052985  (      12      25      81     105     152     186     266)
          89    0.021494    0.051499  (      19      24      81     152     186     204     271)
          90    0.021500    0.051349  (      12      20      48     105     152     186     245)
          91    0.021517    0.050352  (      19      24      81     152     186     204     269)
          92    0.021525    0.053832  (      12      25      81     105     152     169     186)
          93    0.021527    0.050596  (      19      24      81     152     186     204     279)
          94    0.021538    0.069706  (      12      20      88     105     124     186     266)
          95    0.021538    0.069706  (      12      20      42     105     124     186     266)
          96    0.021540    0.062493  (      12      25      45     105     124     186     245)
          97    0.021544    0.058216  (      12      25      81     105     152     186     279)
          98    0.021548    0.060843  (      12      25      81     105     124     186     251)
          99    0.021560    0.054764  (      12      25      81     152     186     212     245)
         100    0.021560    0.054764  (      12      25      81     152     182     186     245)
