        Rank        RMSE       MaxAE  Feature_ID
           1    0.072697    0.183976  (       1)
           2    0.072973    0.147511  (       2)
           3    0.074587    0.247461  (       3)
           4    0.074632    0.206203  (       4)
           5    0.075368    0.182965  (       5)
           6    0.075970    0.311044  (       6)
           7    0.076799    0.343947  (       7)
           8    0.078877    0.196533  (       8)
           9    0.079062    0.270818  (       9)
          10    0.079067    0.251191  (      10)
          11    0.079374    0.303544  (      11)
          12    0.079923    0.199504  (      12)
          13    0.080028    0.304573  (      13)
          14    0.080203    0.270011  (      14)
          15    0.080349    0.226114  (      15)
          16    0.080414    0.307085  (      16)
          17    0.080429    0.230618  (      17)
          18    0.080432    0.284368  (      18)
          19    0.080472    0.345918  (      19)
          20    0.080483    0.303548  (      20)
          21    0.080544    0.287308  (      21)
          22    0.080810    0.300097  (      22)
          23    0.080906    0.208546  (      23)
          24    0.081227    0.195825  (      24)
          25    0.081308    0.238486  (      25)
          26    0.081459    0.299387  (      26)
          27    0.081895    0.274611  (      27)
          28    0.082182    0.321510  (      28)
          29    0.082234    0.275816  (      29)
          30    0.082512    0.244616  (      30)
          31    0.082536    0.310860  (      31)
          32    0.082578    0.282427  (      32)
          33    0.082596    0.361031  (      33)
          34    0.082852    0.272400  (      34)
          35    0.083000    0.357365  (      35)
          36    0.083023    0.356070  (      36)
          37    0.083138    0.272418  (      37)
          38    0.083227    0.246470  (      38)
          39    0.083303    0.318614  (      39)
          40    0.083323    0.309759  (      40)
