        Rank        RMSE       MaxAE  Feature_ID
           1    0.028389    0.066904  (       2      12      81     152     183)
           2    0.028613    0.067834  (      19      24      81     152     196)
           3    0.028791    0.075760  (      12      25      81     152     186)
           4    0.028795    0.071987  (       2      27      81     152     169)
           5    0.029147    0.069624  (       2      12      81     124     161)
           6    0.029276    0.076556  (       2       6      46      81     152)
           7    0.029338    0.076945  (      19      24      81     152     186)
           8    0.029379    0.075838  (      24      25      81     152     196)
           9    0.029447    0.087719  (      24      25      81     152     186)
          10    0.029484    0.085364  (       2      12      81     124     164)
          11    0.029520    0.084658  (       2      12      81     124     173)
          12    0.029535    0.078820  (       2      18      81     152     169)
          13    0.029539    0.087032  (       2      12      81     124     162)
          14    0.029609    0.083328  (       2      12      81     152     172)
          15    0.029767    0.081443  (      24      25      81     152     165)
          16    0.029799    0.080003  (      12      25      81     152     165)
          17    0.029827    0.070357  (       2       9      81     152     169)
          18    0.029869    0.072872  (       7      24      81     152     196)
          19    0.029898    0.097489  (       2      12      81     152     164)
          20    0.029907    0.084849  (       2      12      81     124     165)
          21    0.029952    0.064241  (       2      12      81     124     163)
          22    0.029965    0.086837  (       2      12      81     124     174)
          23    0.029978    0.078911  (       2       6      70      81     152)
          24    0.029984    0.085912  (       2      12      81     124     171)
          25    0.030005    0.064419  (      15      27      81     152     169)
          26    0.030021    0.085691  (       2       6      46      81     124)
          27    0.030037    0.067580  (       2      12      81     152     169)
          28    0.030086    0.069550  (       2      12      81     124     172)
          29    0.030109    0.068320  (       2      12      81     124     168)
          30    0.030122    0.082046  (       2      12      81     124     166)
          31    0.030157    0.069669  (       2      26      81     152     169)
          32    0.030163    0.068550  (      12      25      81     152     196)
          33    0.030182    0.096804  (       2      12      81     152     165)
          34    0.030191    0.088675  (       2      12      81     124     167)
          35    0.030198    0.084726  (      12      20      81     152     186)
          36    0.030214    0.083949  (      12      25      81     124     186)
          37    0.030216    0.064779  (       2      12      81     124     175)
          38    0.030218    0.062897  (       2      12      81     124     170)
          39    0.030221    0.076217  (      12      20      81     152     165)
          40    0.030234    0.076536  (       5      12      81     124     173)
          41    0.030236    0.084315  (       2      12      81     124     196)
          42    0.030243    0.087034  (       2      12      81     124     181)
          43    0.030261    0.065958  (       2      12      81     124     176)
          44    0.030278    0.061918  (       2      12      81     124     169)
          45    0.030283    0.076011  (       2      12      81     124     183)
          46    0.030290    0.088440  (       2      12      81     124     178)
          47    0.030295    0.092162  (       2      12      81     124     186)
          48    0.030301    0.074102  (      12      15      81     152     183)
          49    0.030345    0.073607  (      24      25      81     124     196)
          50    0.030349    0.093537  (      24      25      81     152     197)
          51    0.030352    0.067471  (       2      12      81     124     193)
          52    0.030359    0.085371  (       2      12      81     124     188)
          53    0.030421    0.066318  (       5      12      81     124     161)
          54    0.030442    0.084776  (       2      12      81     124     192)
          55    0.030443    0.090596  (       2      12      81     124     184)
          56    0.030443    0.088213  (       2      12      81     124     177)
          57    0.030494    0.096481  (       2      12      81     124     197)
          58    0.030512    0.087928  (       2      12      81     124     190)
          59    0.030514    0.079413  (       5      12      81     124     162)
          60    0.030520    0.087946  (      12      20      81     152     164)
          61    0.030530    0.070764  (       2      12      81     124     198)
          62    0.030561    0.088455  (       2      12      81     124     187)
          63    0.030562    0.082939  (      12      19      81     152     186)
          64    0.030585    0.086465  (       2      12      81     124     179)
          65    0.030609    0.081065  (       2      12      81     152     168)
          66    0.030614    0.088507  (       2      12      81     124     180)
          67    0.030617    0.075025  (       7      12      81     152     196)
          68    0.030625    0.089068  (       2      12      81     124     185)
          69    0.030641    0.066322  (       2      12      81     124     199)
          70    0.030644    0.075458  (      12      20      81     152     196)
          71    0.030646    0.086952  (       2      12      81     124     182)
          72    0.030654    0.082922  (      12      25      81     152     197)
          73    0.030656    0.087821  (       2      12      81     124     191)
          74    0.030697    0.080809  (       2      11      46      81     152)
          75    0.030712    0.079829  (       2      36      81     152     196)
          76    0.030728    0.087984  (       2      12      81     124     189)
          77    0.030745    0.089238  (      12      20      81     152     197)
          78    0.030766    0.093044  (       2      12      81     124     200)
          79    0.030779    0.076524  (       2      12      81     152     175)
          80    0.030791    0.080065  (      24      25      81     124     186)
          81    0.030820    0.083418  (      12      20      81     152     167)
          82    0.030824    0.075717  (       5      12      81     124     196)
          83    0.030841    0.065168  (       2      12      81     124     194)
          84    0.030842    0.105854  (       2      12      81     152     186)
          85    0.030858    0.089111  (       2      12      81     124     195)
          86    0.030869    0.073812  (       2      12      81     152     170)
          87    0.030917    0.080839  (       7      12      81     152     186)
          88    0.030933    0.082151  (      12      20      81     152     162)
          89    0.030942    0.095473  (       2      12      81     152     166)
          90    0.030950    0.080180  (       7      37      81     152     196)
          91    0.030962    0.078344  (       5      12      81     124     171)
          92    0.030970    0.072450  (       2      12      81     152     193)
          93    0.030970    0.096411  (      12      25      81     152     164)
          94    0.030973    0.069187  (       2      12      81     152     198)
          95    0.030974    0.079642  (       2      46      81      83     124)
          96    0.030974    0.079642  (       2      46      81     121     124)
          97    0.030986    0.109461  (       2      12      81     152     197)
          98    0.031047    0.078568  (       2      12      81     152     176)
          99    0.031062    0.085212  (      24      25      81     152     173)
         100    0.031070    0.078160  (      12      25      81     124     196)
