        Rank        RMSE       MaxAE  Feature_ID
           1    0.036329    0.105019  (       2      12      81     124)
           2    0.036823    0.097086  (       5      12      81     124)
           3    0.037393    0.114443  (       2      24      81     124)
           4    0.037463    0.114773  (       2       6      81     152)
           5    0.037508    0.103723  (       2      11      81     152)
           6    0.038006    0.132918  (       2      46      81     124)
           7    0.038126    0.122324  (       2      12      81     152)
           8    0.038159    0.091318  (       2      46      80     122)
           9    0.038159    0.091318  (       2      46      80      84)
          10    0.038159    0.091318  (       2      46      90     122)
          11    0.038159    0.091318  (       2      46      84      90)
          12    0.038216    0.108395  (       1      12      81     124)
          13    0.038505    0.130116  (       2       9      81     124)
          14    0.038512    0.103105  (       2      46      84     103)
          15    0.038512    0.103105  (       2      46     103     122)
          16    0.038590    0.112598  (       5      12      81     152)
          17    0.038590    0.089912  (       2      46      82      90)
          18    0.038590    0.089912  (       2      46      80      82)
          19    0.038590    0.089912  (       2      46      90     126)
          20    0.038590    0.089912  (       2      46      80     126)
          21    0.038609    0.137671  (       2      27      81     152)
          22    0.038629    0.124200  (       2      26      81     124)
          23    0.038639    0.117481  (       5       6      81     152)
          24    0.038692    0.096823  (      20      46      50     105)
          25    0.038724    0.091123  (       2      46      80     125)
          26    0.038724    0.091123  (       2      46      90     125)
          27    0.038724    0.091123  (       2      46      90      95)
          28    0.038724    0.091123  (       2      46      80      95)
          29    0.038766    0.101219  (       2      46      82     103)
          30    0.038766    0.101219  (       2      46     103     126)
          31    0.038852    0.092813  (       4      12      81     152)
          32    0.038853    0.091801  (       2      46      85      90)
          33    0.038853    0.091801  (       2      46      90     127)
          34    0.038853    0.091801  (       2      46      80      85)
          35    0.038853    0.091801  (       2      46      80     127)
          36    0.038876    0.107252  (       5      24      81     124)
          37    0.038890    0.103094  (       2      46     103     127)
          38    0.038890    0.103094  (       2      46      85     103)
          39    0.038904    0.093593  (       2      46      81     121)
          40    0.038904    0.093593  (       2      46      81      83)
          41    0.038908    0.120647  (       2      27      81     124)
          42    0.038933    0.085023  (       2      46     105     108)
          43    0.038986    0.084086  (       2      46     103     105)
          44    0.038992    0.089257  (       2      46      80     129)
          45    0.038992    0.089257  (       2      46      80     101)
          46    0.038992    0.089257  (       2      46      90     101)
          47    0.038992    0.089257  (       2      46      90     129)
          48    0.039005    0.148335  (       2       9      81     152)
          49    0.039015    0.103254  (       2      31      81     152)
          50    0.039028    0.102915  (       2      46     103     125)
          51    0.039028    0.102915  (       2      46      95     103)
          52    0.039050    0.104915  (       2      22      81     152)
          53    0.039099    0.099761  (       2      46      99     122)
          54    0.039099    0.099761  (       2      43      46     122)
          55    0.039099    0.099761  (       2      43      46      84)
          56    0.039099    0.099761  (       2      46      84      99)
          57    0.039110    0.091921  (      20      46      83      88)
          58    0.039110    0.091921  (      20      46      88     121)
          59    0.039110    0.091921  (      20      42      46      83)
          60    0.039110    0.091921  (      20      42      46     121)
          61    0.039114    0.098485  (       4      12      81     124)
          62    0.039116    0.141815  (       2      26      81     152)
          63    0.039155    0.089846  (       2      46      80     136)
          64    0.039155    0.089846  (       2      46      80      91)
          65    0.039155    0.089846  (       2      46      90     136)
          66    0.039155    0.089846  (       2      46      90      91)
          67    0.039162    0.132381  (       2      24      81     152)
          68    0.039170    0.100933  (       2      46     103     129)
          69    0.039170    0.100933  (       2      46     101     103)
          70    0.039172    0.093111  (       2      46      90     121)
          71    0.039172    0.093111  (       2      46      83      90)
          72    0.039172    0.093111  (       2      46      80      83)
          73    0.039172    0.093111  (       2      46      80     121)
          74    0.039203    0.096612  (       6      25      46      88)
          75    0.039203    0.096612  (       6      25      42      46)
          76    0.039249    0.144626  (       2      46      87     124)
          77    0.039254    0.122156  (       2      12      45     124)
          78    0.039265    0.116902  (      20      24      81     152)
          79    0.039280    0.106922  (       5      12      45     130)
          80    0.039298    0.095557  (       2      46      81     122)
          81    0.039298    0.095557  (       2      46      81      84)
          82    0.039320    0.100130  (      11      25      46      88)
          83    0.039320    0.100130  (      11      25      42      46)
          84    0.039324    0.101147  (       2      46     103     136)
          85    0.039324    0.101147  (       2      46      91     103)
          86    0.039339    0.099760  (       2      43      46     127)
          87    0.039339    0.099760  (       2      43      46      85)
          88    0.039339    0.099760  (       2      46      99     127)
          89    0.039339    0.099760  (       2      46      85      99)
          90    0.039355    0.123768  (       1      12      81     152)
          91    0.039355    0.112749  (       2      46      81     148)
          92    0.039358    0.107739  (       2      62      81     152)
          93    0.039370    0.093462  (      25      28      46      88)
          94    0.039370    0.093462  (      25      28      42      46)
          95    0.039379    0.121157  (       2      46      81     128)
          96    0.039392    0.094768  (       2      46      65      85)
          97    0.039392    0.094768  (       2      46      65     127)
          98    0.039393    0.089509  (       2      46      80     104)
          99    0.039393    0.089509  (       2      46      80     145)
         100    0.039393    0.089509  (       2      46      90     104)
