Model_ID, [(c_i,i=0,n)_j,j=1,ntask]
           1    0.7492318291E+00   -0.8551895680E+00   -0.4308096310E+00    0.6219751979E-01
           2    0.4315150510E+00   -0.9162002014E+00    0.3983776114E+00    0.5039295557E-01
           3    0.7783140159E+00   -0.4520045342E+00   -0.3768907702E+00    0.5477296541E-01
           4    0.8299631019E+00   -0.9144498833E+00   -0.4306578463E+00    0.4950052612E-01
           5    0.8081300974E+00   -0.4199259603E+00   -0.4689236370E+00    0.2228062143E+01
           6    0.8018650284E+00   -0.4899730706E+00   -0.2462333155E+00   -0.3912625169E+00
           7    0.8008034251E+00   -0.4233722585E+00   -0.4273684856E+00    0.2038623481E+01
           8    0.8581489137E+00   -0.4836305152E+00   -0.5302122394E+00    0.1563065576E+01
           9    0.7508345979E+00   -0.3264918334E+00   -0.4263164528E+00    0.6385154491E-01
          10    0.4351593726E+00   -0.9063679918E+00    0.3888239521E+00    0.4789728072E-01
          11    0.8454193913E+00   -0.4810988476E+00   -0.4762672671E+00    0.1392643729E+01
          12    0.8320772233E+00   -0.4696885540E+00   -0.9309870382E+01    0.1262948101E+00
          13    0.7362624340E+00   -0.3407216843E+00   -0.4280962486E+00    0.6685058297E-01
          14    0.4828276291E+00   -0.4726977262E+00    0.3735682821E+00    0.3663356937E-01
          15    0.8349360087E+00   -0.4452330549E+00   -0.4083547082E+00    0.1072243520E-01
          16    0.8398652271E+00   -0.9170898912E+00   -0.4534591874E+00    0.5021243570E-01
          17    0.8220731121E+00   -0.4456628089E+00   -0.4207388790E+00    0.2255628502E+01
          18    0.8395136350E+00   -0.4357072811E+00   -0.4714663035E+00    0.2034271928E+02
          19    0.8310065062E+00   -0.4715820756E+00   -0.9647212578E+01    0.7303019929E-02
          20    0.8570474993E+00   -0.4719201562E+00   -0.4065442832E+00    0.3583751711E-01
          21    0.4866549267E+00   -0.4711298336E+00    0.3650973482E+00    0.3659252181E-01
          22    0.8306546089E+00   -0.4732204944E+00   -0.9692711716E+01    0.6460404161E-02
          23    0.8327002301E+00   -0.4380078428E+00   -0.5223649205E+00    0.3021512734E+01
          24    0.8748945547E+00   -0.4144832158E+00   -0.4167562115E+00    0.3671256821E+01
          25    0.4629152642E+00   -0.4462414814E+00    0.3709997720E+00    0.1064840437E-01
          26    0.9039034729E+00   -0.4478621996E+00   -0.3756972822E+00    0.5992507861E+00
          27    0.8566149050E+00   -0.4800724985E+00   -0.5121213348E+00    0.7965938250E+01
          28    0.8431241255E+00   -0.4586078165E+00   -0.5000890855E+00    0.6870719906E+01
          29    0.8241877500E+00   -0.9047677040E+00   -0.4206409962E+00    0.4703272710E-01
          30    0.8524810190E+00   -0.4704048052E+00   -0.3974471145E+00    0.3579808048E-01
          31    0.5907822422E+00   -0.4647331570E+00    0.3496830731E+00   -0.4167713571E+01
          32    0.8227373781E+00   -0.4811147646E+00   -0.1233435741E+02    0.1362620713E+00
          33    0.4258411115E+00   -0.4280804222E+00    0.3769265630E+00    0.1879706776E+01
          34    0.8263193907E+00   -0.4683024363E+00   -0.8459411318E+01    0.6821741037E+02
          35    0.7387483741E+00   -0.4199835293E+00   -0.3964545965E+00    0.6681098973E-01
          36    0.7920046478E+00   -0.4492830165E+00   -0.1128063336E+02    0.1402480305E+00
          37    0.8034126767E+00   -0.4452253467E+00   -0.1501065802E+00    0.1956746436E+01
          38    0.8988196245E+00   -0.4230016699E+00   -0.3841648076E+00   -0.5077008011E+01
          39    0.4960292323E+00   -0.4163154942E+00    0.3772136979E+00    0.3607032396E+01
          40    0.8279270177E+00   -0.4813429173E+00   -0.9896191579E+01    0.1171279541E+00
          41    0.1019754872E+01   -0.1722584001E+00   -0.3820465299E+00   -0.5845634000E+01
          42    0.8347228519E+00   -0.4470310884E+00   -0.5173644415E+00    0.8777202436E+00
          43    0.8248198342E+00   -0.4480687441E+00   -0.4693747632E+00    0.7921463637E+00
          44    0.8289766725E+00   -0.4390443716E+00   -0.3474638231E+00    0.6478417382E+02
          45    0.8309760970E+00   -0.4463985400E+00   -0.4046861297E+00    0.1109922907E+00
          46    0.6735354503E+00   -0.1724299667E+00    0.3479474986E+00   -0.5999791894E+01
          47    0.8446524241E+00   -0.4777199060E+00   -0.4600565608E+00    0.7006530943E+01
          48    0.5479274759E+00   -0.4237477396E+00    0.3499211201E+00   -0.5080671551E+01
          49    0.8399582751E+00   -0.4455769058E+00   -0.4381529812E+00    0.1203579769E+00
          50    0.9100839707E+00   -0.4351353416E+00   -0.3823250196E+00   -0.4503466922E+01
          51    0.4439120814E+00   -0.4474933953E+00    0.3778428109E+00    0.2169265355E+01
          52    0.7616918726E+00   -0.4156947666E+00   -0.3912654669E+00    0.6474218791E-01
          53    0.8370860279E+00   -0.4596143386E+00   -0.4750778962E+00    0.8813336061E+00
          54    0.8313709848E+00   -0.4459370708E+00   -0.4493851322E+00    0.2350228510E+01
          55    0.9378954786E+00   -0.4643272845E+00   -0.3789601775E+00   -0.4024699796E+01
          56    0.8482274948E+00   -0.4580368296E+00   -0.4230230300E+00    0.1143708721E+00
          57    0.8323999950E+00   -0.4813319133E+00   -0.9755517844E+01    0.1065727459E-01
          58    0.8346765722E+00   -0.4395219302E+00   -0.3726062888E+00    0.1133497090E+00
          59    0.8968305847E+00   -0.9728186776E+00   -0.1197554018E+01    0.5114709388E-01
          60    0.8535894338E+00   -0.4761747101E+00   -0.4117319119E+00    0.2352675694E-01
          61    0.5613544930E+00   -0.4362102797E+00    0.3471745906E+00   -0.4469441750E+01
          62    0.8262763132E+00   -0.4519180139E+00   -0.4294313931E+00    0.5943946702E+00
          63    0.4621159377E+00   -0.4589100022E+00    0.3850227318E+00    0.1140094947E+00
          64    0.7995183955E+00   -0.4364568463E+00   -0.1059241284E+02    0.1415822506E+00
          65    0.8412216941E+00   -0.4854131721E+00   -0.9893826529E+01    0.3049963524E+00
          66    0.8188975820E+00   -0.4524853692E+00   -0.3956785578E+00    0.5410542157E+00
          67    0.8333500517E+00   -0.4591262003E+00   -0.4460041252E+00    0.5891853345E+01
          68    0.8386859676E+00   -0.4482025115E+00   -0.5313302415E+00    0.2805540682E+01
          69    0.8212480740E+00   -0.4839976921E+00   -0.1267766318E+02    0.7746313813E-02
          70    0.8306926123E+00   -0.4398522721E+00   -0.4207778362E+00    0.1735013273E+02
          71    0.7878693753E+00   -0.3659275721E+00   -0.1151595369E+02    0.1501622213E+00
          72    0.4246226504E+00   -0.4809132974E+00    0.4197498054E+00    0.1272325067E+01
          73    0.8522526629E+00   -0.4633655080E+00   -0.4172522278E+00    0.4038636297E+02
          74    0.8374390193E+00   -0.5000277132E+00   -0.1033722300E+02    0.2204034165E-01
          75    0.8484548420E+00   -0.4600845201E+00   -0.5194203416E+00    0.9582716607E+00
          76    0.5260295503E+00   -0.4348642117E+00    0.3720757346E+00   -0.5462483754E+01
          77    0.8315616361E+00   -0.4807546956E+00   -0.1005636753E+02    0.5582758962E-02
          78    0.8292319176E+00   -0.4550721589E+00   -0.1238053979E+00    0.6596174007E+02
          79    0.8627198771E+00   -0.4665454585E+00   -0.4689957758E+00    0.5987850570E+02
          80    0.8985579727E+00   -0.4344436747E+00   -0.4069804790E+00   -0.5404302111E+01
          81    0.9256678071E+00   -0.5012199433E+00   -0.1155161417E+01    0.3664591394E-01
          82    0.9191102922E+00   -0.1470686924E+00   -0.4355398194E+00    0.4801236982E+01
          83    0.5157253572E+00   -0.4408987095E+00    0.3123404035E+00    0.6297303216E+02
          84    0.8245912422E+00   -0.4420421370E+00   -0.4602656374E+00    0.2526942938E+01
          85    0.9179252110E+00   -0.4795014263E+00   -0.2755413428E+00    0.6077181664E+00
          86    0.4788855767E+00   -0.4769269515E+00    0.3735181217E+00    0.2323475953E-01
          87    0.8667643307E+00   -0.4733779608E+00   -0.4288957302E+00    0.3648957708E-01
          88    0.8208344242E+00   -0.4858802992E+00   -0.1270743363E+02    0.6822136688E-02
          89    0.8341026877E+00   -0.4405056234E+00   -0.3843570383E+00    0.6447607805E-02
          90    0.4473175902E+00   -0.4385911640E+00    0.3968641552E+00    0.4454839616E-01
          91    0.8175423545E+00   -0.4945454723E+00   -0.1314475103E+02    0.1267225449E+00
          92    0.4340300261E+00   -0.4674455711E+00    0.4275346749E+00    0.5987459909E+02
          93    0.8288482966E+00   -0.4495785972E+00   -0.4765902366E+00    0.2454033110E+01
          94    0.9658435250E+00   -0.4487935175E+00   -0.1095199185E+01   -0.5291918055E+01
          95    0.7975591231E+00   -0.4400813561E+00   -0.1103212672E+02    0.7265350487E-02
          96    0.7982396134E+00   -0.4383697461E+00   -0.1097830164E+02    0.8159547722E-02
          97    0.8456956162E+00   -0.4632333106E+00   -0.3970095028E+00    0.1582541910E-01
          98    0.1323647887E+01   -0.4528514921E+00   -0.9843022316E-01   -0.2775566397E+00
          99    0.8631599094E+00   -0.4641279000E+00   -0.4513051607E+00    0.4373755603E+02
         100    0.8338795716E+00   -0.4418498222E+00   -0.3860343201E+00    0.5688072173E-02
