        Rank        RMSE       MaxAE  Feature_ID
           1    0.065226    0.202054  (       5      68     120)
           2    0.066426    0.168894  (       5      48      84)
           3    0.067376    0.205357  (       1      68     120)
           4    0.067426    0.169428  (       5      47      84)
           5    0.067665    0.214770  (       1      75      81)
           6    0.068032    0.237906  (      33      40      68)
           7    0.068041    0.218276  (       1      47      81)
           8    0.068727    0.212860  (       1      75      91)
           9    0.068764    0.201187  (      14      68     120)
          10    0.069233    0.188540  (       5      48      85)
          11    0.069300    0.217524  (       1      47      91)
          12    0.069437    0.200905  (       1      41      99)
          13    0.069471    0.190978  (      24      68     120)
          14    0.069488    0.215186  (       1      48      84)
          15    0.069615    0.235605  (       1      47      82)
          16    0.069655    0.169590  (       5      75      84)
          17    0.069752    0.221445  (       1      47      83)
          18    0.069755    0.223946  (       1      75      94)
          19    0.069792    0.199792  (       1      41     111)
          20    0.069867    0.215018  (       1      47      84)
          21    0.069871    0.229807  (       1      48      85)
          22    0.069947    0.200410  (       1      41     113)
          23    0.069961    0.201765  (       1      75     101)
          24    0.069963    0.175233  (       1      47     108)
          25    0.069982    0.242013  (       1      48      82)
          26    0.069987    0.205396  (       1      63      90)
          27    0.070068    0.211659  (       1      75     107)
          28    0.070104    0.213231  (       1      75      93)
          29    0.070130    0.188685  (       5      47      85)
          30    0.070244    0.229336  (       1      47      85)
          31    0.070256    0.177176  (       1      48      89)
          32    0.070328    0.198056  (       1      62      99)
          33    0.070357    0.228057  (       1      48      81)
          34    0.070385    0.207981  (       1      41     105)
          35    0.070419    0.173134  (      10      68     120)
          36    0.070426    0.181120  (      10      41      86)
          37    0.070543    0.190315  (       1      43      81)
          38    0.070571    0.174198  (       1      47     117)
          39    0.070575    0.183071  (       1      48     108)
          40    0.070581    0.205816  (       1      41      86)
          41    0.070586    0.160267  (      12      47      89)
          42    0.070598    0.222227  (       1      75      88)
          43    0.070609    0.225315  (       1      47      88)
          44    0.070622    0.253047  (       1      47     105)
          45    0.070638    0.234822  (       1      47      86)
          46    0.070660    0.161102  (      12      48      89)
          47    0.070736    0.223898  (       1      47     107)
          48    0.070741    0.177080  (       1      48     117)
          49    0.070816    0.233288  (       1      75      86)
          50    0.070829    0.178725  (       1      47      97)
          51    0.070869    0.229322  (       1      48      83)
          52    0.070876    0.192944  (       4      68     120)
          53    0.070942    0.223805  (       1      47      95)
          54    0.070947    0.220521  (       1      75      83)
          55    0.070958    0.176866  (       1      47      89)
          56    0.070962    0.239051  (       1      47      87)
          57    0.071049    0.203458  (       1      41      82)
          58    0.071124    0.250106  (       1      47      99)
          59    0.071158    0.210697  (       5      46      84)
          60    0.071164    0.228292  (       1      47      96)
          61    0.071202    0.180638  (       1      48      97)
          62    0.071204    0.246875  (       1      75      90)
          63    0.071217    0.245567  (       1      48      87)
          64    0.071223    0.166846  (      10      41      99)
          65    0.071243    0.197835  (       1      41     112)
          66    0.071301    0.253955  (       1      47      90)
          67    0.071342    0.225153  (       1      47      93)
          68    0.071344    0.215400  (       1      75     115)
          69    0.071354    0.196851  (       1      62     111)
          70    0.071368    0.228861  (       1      47      94)
          71    0.071395    0.193424  (      24      41      86)
          72    0.071422    0.228163  (       1      48      91)
          73    0.071423    0.227767  (       1      47      92)
          74    0.071438    0.203675  (       1      41     102)
          75    0.071448    0.221344  (       1      75      95)
          76    0.071508    0.206188  (       1      48     110)
          77    0.071511    0.203641  (       1      41     116)
          78    0.071512    0.211708  (       1      43     105)
          79    0.071533    0.217226  (       1      47     119)
          80    0.071554    0.200603  (       1      47     110)
          81    0.071578    0.216844  (       1      46      84)
          82    0.071592    0.184914  (      12      47     108)
          83    0.071600    0.258706  (       1      48     105)
          84    0.071605    0.210717  (       1      47     101)
          85    0.071607    0.181825  (       1      52      90)
          86    0.071620    0.234960  (       1      48      96)
          87    0.071631    0.205760  (       1      75      84)
          88    0.071666    0.197516  (       1      62     113)
          89    0.071675    0.251139  (       1      47     111)
          90    0.071692    0.221189  (       4      48      84)
          91    0.071711    0.203231  (       1      62      86)
          92    0.071722    0.224369  (       1      48     119)
          93    0.071762    0.227305  (       1      47     115)
          94    0.071772    0.211851  (       1      46     117)
          95    0.071774    0.166053  (      10      41     113)
          96    0.071799    0.165405  (      10      41     111)
          97    0.071812    0.237350  (       1      47      98)
          98    0.071815    0.202218  (       1      43      49)
          99    0.071829    0.225779  (       1      75      92)
         100    0.071837    0.253064  (       1      47     113)
