Model_ID, [(c_i,i=0,n)_j,j=1,ntask]
           1    0.7974283581E+00   -0.5011092250E+00
           2    0.8727683822E+00   -0.3798062689E+00
           3    0.7735495025E+00   -0.4436939831E+00
           4    0.7784256630E+00   -0.4577934485E+00
           5    0.7625620428E+00   -0.9426406356E+00
           6    0.8392377416E+00   -0.6743820755E+00
           7    0.7934881093E+00   -0.1080854366E+01
           8    0.7695824733E+00   -0.6947855553E+01
           9    0.7750391542E+00   -0.8415175877E+00
          10    0.7527972684E+00   -0.4615289961E+00
          11    0.8029191034E+00   -0.5776053455E+00
          12    0.8398584337E+00   -0.1808077354E+00
          13    0.8101999569E+00   -0.4886924588E+00
          14    0.7647222899E+00   -0.3596980142E+00
          15    0.7668855386E+00   -0.5542601593E+00
          16    0.8211007451E+00   -0.2574132825E+00
          17    0.8244539597E+00   -0.9311798073E+00
          18    0.7475415856E+00   -0.5624170875E+00
          19    0.7635330785E+00   -0.9329305494E+00
          20    0.8268871489E+00   -0.9352956220E+00
          21    0.8799750491E+00   -0.5458549430E+00
          22    0.8816829173E+00   -0.8584787138E+00
          23    0.7572029577E+00   -0.4507399250E+00
          24    0.7484680507E+00   -0.3742730518E+00
          25    0.7836094093E+00   -0.4456618388E+00
          26    0.8487930058E+00   -0.7037292924E+01
          27    0.8500949349E+00   -0.1780652862E+00
          28    0.8408175692E+00   -0.4117171980E+00
          29   -0.6334817255E+00    0.8800201964E+00
          30    0.8898241550E+00   -0.8710413424E+00
          31    0.7951492769E+00   -0.4845845486E+00
          32    0.7633895246E+00   -0.4871547374E+00
          33    0.7609509577E+00   -0.1159074549E+01
          34    0.7574489834E+00   -0.5480938226E+00
          35    0.7335223049E+00   -0.9318178045E+00
          36    0.7757356513E+00   -0.1586255988E+01
          37    0.7508436884E+00   -0.8269288186E+00
          38    0.7539776977E+00   -0.8068286997E+00
          39    0.7534773405E+00   -0.3567806054E+00
          40    0.8043963968E+00   -0.4297450598E+00
