        Rank        RMSE       MaxAE  Feature_ID
           1    0.041357    0.127460  (       5      68     120     123     161)
           2    0.041420    0.112922  (       5      68     120     123     192)
           3    0.041722    0.125561  (       5      68     120     123     179)
           4    0.041825    0.116304  (       5      68     120     123     164)
           5    0.041827    0.113013  (       5      68     120     123     173)
           6    0.041852    0.132494  (       5      68     120     125     167)
           7    0.041972    0.142154  (       5      68     120     121     167)
           8    0.041997    0.116758  (       5      68     120     123     172)
           9    0.042007    0.148037  (       5      68     120     143     168)
          10    0.042055    0.146369  (       5      68     120     121     169)
          11    0.042079    0.144553  (       5      68     120     121     165)
          12    0.042119    0.144242  (       5      68     120     123     171)
          13    0.042184    0.149575  (       5      68     120     142     171)
          14    0.042227    0.136869  (       5      68     120     151     191)
          15    0.042247    0.135877  (       5      68     120     138     194)
          16    0.042351    0.140609  (       5      68     120     121     161)
          17    0.042363    0.117406  (       5      68     120     123     189)
          18    0.042378    0.139195  (       5      68     120     123     166)
          19    0.042406    0.116201  (       5      68     120     123     182)
          20    0.042414    0.149008  (       5      68     120     151     171)
          21    0.042449    0.139271  (       5      68     120     123     175)
          22    0.042511    0.142339  (       5      68     120     121     187)
          23    0.042512    0.147516  (       5      68     120     142     196)
          24    0.042517    0.146997  (       5      68     120     121     163)
          25    0.042518    0.130442  (       5      68     120     121     162)
          26    0.042599    0.139852  (       5      68     120     138     169)
          27    0.042619    0.122135  (       5      68     120     123     185)
          28    0.042662    0.142412  (       5      68     120     123     196)
          29    0.042676    0.118948  (       5      68     120     123     162)
          30    0.042706    0.129636  (       5      68     120     123     186)
          31    0.042718    0.136424  (       5      68     120     151     187)
          32    0.042727    0.124518  (       5      68     120     123     178)
          33    0.042730    0.130923  (       5      68     120     121     164)
          34    0.042742    0.112739  (       5      68     120     123     184)
          35    0.042759    0.158150  (       5      68     120     121     177)
          36    0.042762    0.145731  (       5      68     120     121     168)
          37    0.042772    0.140082  (       5      68     120     125     169)
          38    0.042785    0.154290  (       5      68     120     121     171)
          39    0.042803    0.150903  (       5      68     120     122     167)
          40    0.042884    0.163757  (       1      68      89     120     132)
          41    0.042890    0.160150  (       5      68     120     143     171)
          42    0.042896    0.150360  (       5      68     120     121     166)
          43    0.042908    0.136546  (       5      68     120     123     168)
          44    0.042942    0.151515  (       5      68     120     143     169)
          45    0.042947    0.144965  (       5      68     120     121     188)
          46    0.042977    0.145089  (       5      68     120     144     169)
          47    0.042978    0.128620  (       5      68     120     121     173)
          48    0.042986    0.153245  (       5      68     120     122     169)
          49    0.042988    0.147436  (       5      68     120     151     196)
          50    0.042990    0.142444  (       5      68     120     123     190)
          51    0.043004    0.144403  (       1      68     120     132     197)
          52    0.043017    0.140151  (       5      68     120     151     165)
          53    0.043023    0.150363  (       5      68     120     121     175)
          54    0.043023    0.131653  (       5      68     120     123     167)
          55    0.043062    0.143109  (       5      68     120     151     169)
          56    0.043065    0.145090  (       5      68     120     121     174)
          57    0.043085    0.121759  (       5      68     120     121     181)
          58    0.043091    0.110719  (       5      68     120     123     181)
          59    0.043095    0.154712  (       5      68     120     143     195)
          60    0.043118    0.139945  (       5      68     120     121     179)
          61    0.043120    0.148007  (       5      68     120     142     190)
          62    0.043128    0.121131  (       5      68     120     125     192)
          63    0.043146    0.127609  (       5      68     120     121     170)
          64    0.043183    0.136516  (       5      68     120     125     191)
          65    0.043185    0.147347  (       5      68     120     151     190)
          66    0.043199    0.143111  (       5      68     120     121     198)
          67    0.043216    0.150344  (       5      68     120     121     195)
          68    0.043225    0.144602  (       5      68     120     121     200)
          69    0.043227    0.147109  (       5      68     120     121     180)
          70    0.043237    0.147120  (       5      68     120     121     194)
          71    0.043263    0.147617  (       5      68     120     121     199)
          72    0.043282    0.132951  (       5      68     120     121     172)
          73    0.043321    0.145177  (       5      68     120     121     191)
          74    0.043332    0.156293  (       5      68     120     143     166)
          75    0.043340    0.145074  (       5      68     120     151     175)
          76    0.043345    0.153208  (       5      68     120     121     196)
          77    0.043351    0.148591  (       5      68     120     143     191)
          78    0.043352    0.131049  (       5      68     120     121     182)
          79    0.043352    0.156039  (       5      68     120     143     175)
          80    0.043353    0.117209  (       5      68     120     121     193)
          81    0.043354    0.134799  (      14      68     120     144     197)
          82    0.043355    0.152716  (       5      68     120     122     165)
          83    0.043356    0.141136  (       5      68     120     151     168)
          84    0.043359    0.145191  (       5      68     120     151     166)
          85    0.043361    0.143343  (       5      68     120     121     186)
          86    0.043365    0.140149  (       5      68     120     123     169)
          87    0.043377    0.153027  (       5      68     120     121     190)
          88    0.043387    0.137323  (       5      68     120     121     183)
          89    0.043418    0.138128  (       5      68     120     121     178)
          90    0.043426    0.134845  (       5      68     120     121     176)
          91    0.043430    0.133057  (       5      68     120     121     189)
          92    0.043465    0.133371  (      14      68     120     138     197)
          93    0.043473    0.135088  (      14      68     120     121     197)
          94    0.043480    0.126065  (       5      68     120     121     184)
          95    0.043488    0.134511  (       5      68     120     123     187)
          96    0.043497    0.138730  (       5      68     120     151     200)
          97    0.043501    0.153991  (       5      68     120     122     194)
          98    0.043503    0.148953  (       5      68     120     132     165)
          99    0.043507    0.141604  (       5      68     120     144     191)
         100    0.043516    0.138451  (       5      68     120     140     165)
