        Rank        RMSE       MaxAE  Feature_ID
           1    0.105768    0.282595  (       1)
           2    0.108206    0.336797  (       2)
           3    0.113970    0.361901  (       3)
           4    0.114221    0.363379  (       4)
           5    0.114673    0.411077  (       5)
           6    0.114808    0.330055  (       6)
           7    0.114904    0.302633  (       7)
           8    0.115088    0.430557  (       8)
           9    0.115489    0.363211  (       9)
          10    0.115560    0.374988  (      10)
          11    0.115676    0.361148  (      11)
          12    0.116096    0.330993  (      12)
          13    0.116156    0.295414  (      13)
          14    0.116870    0.375045  (      14)
          15    0.117142    0.369742  (      15)
          16    0.117201    0.278789  (      16)
          17    0.117222    0.343703  (      17)
          18    0.117729    0.358271  (      18)
          19    0.118173    0.346461  (      19)
          20    0.118496    0.268900  (      20)
          21    0.118645    0.357313  (      21)
          22    0.118677    0.415820  (      22)
          23    0.118743    0.377749  (      23)
          24    0.118909    0.361082  (      24)
          25    0.119133    0.368089  (      25)
          26    0.119135    0.299377  (      26)
          27    0.119389    0.332823  (      27)
          28    0.119411    0.386291  (      28)
          29    0.119638    0.323355  (      29)
          30    0.119795    0.418454  (      30)
          31    0.119842    0.339694  (      31)
          32    0.120236    0.351799  (      32)
          33    0.120258    0.293791  (      33)
          34    0.120263    0.377284  (      34)
          35    0.120580    0.386073  (      35)
          36    0.120581    0.324208  (      36)
          37    0.120597    0.382457  (      37)
          38    0.120764    0.418819  (      38)
          39    0.120890    0.424186  (      39)
          40    0.121145    0.405689  (      40)
