Model_ID, [(c_i,i=0,n)_j,j=1,ntask]
           1    0.7927052109E+00   -0.8346720158E+00   -0.5091686077E+00    0.5450959415E-01   -0.1597500892E+00    0.1996117867E+01   -0.1527686466E+01
           2    0.7901775516E+00   -0.8301378136E+00   -0.5237918766E+00    0.5425048331E-01   -0.1566763507E+00    0.9514898026E+00   -0.1421353653E+01
           3    0.7977023868E+00   -0.8295327664E+00   -0.5061170002E+00    0.5352488192E-01   -0.1345161772E+00   -0.3641393333E+00    0.1532171639E+01
           4    0.7976939464E+00   -0.8284684852E+00   -0.5141508393E+00    0.5299287833E-01   -0.1325528858E+00   -0.4022228569E+00    0.1519940815E+01
           5    0.7899739992E+00   -0.8276814869E+00   -0.5179926190E+00    0.5397931789E-01   -0.1231747281E+00    0.7403202494E+00    0.8346667549E+00
           6    0.7899739992E+00   -0.8276814869E+00   -0.5179926190E+00    0.5397931789E-01   -0.1231747281E+00   -0.8346667549E+00    0.7403202494E+00
           7    0.8352337097E+00   -0.8162655358E+00   -0.5228958841E+00    0.4204179228E-01   -0.1134666302E+00   -0.4839975841E+01   -0.1252616169E-01
           8    0.8103238986E+00   -0.8644572224E+00   -0.5159254444E+00    0.5213298927E-01   -0.1285637584E+00   -0.8020959406E+00    0.3148156906E+00
           9    0.8103238986E+00   -0.8644572224E+00   -0.5159254444E+00    0.5213298927E-01   -0.1285637584E+00    0.3148156906E+00    0.8020959406E+00
          10    0.7935664359E+00   -0.8313768278E+00   -0.5058792197E+00    0.5404173225E-01   -0.1244508824E+00   -0.8196442830E+00    0.1455263372E+01
          11    0.7935664359E+00   -0.8313768278E+00   -0.5058792197E+00    0.5404173225E-01   -0.1244508824E+00    0.1455263372E+01    0.8196442830E+00
          12    0.8185916761E+00   -0.8671633896E+00   -0.4870723593E+00    0.5160032213E-01   -0.1235630714E+00   -0.2979830018E+00    0.3329403060E+00
          13    0.7948909829E+00   -0.8250174772E+00   -0.5262519605E+00    0.5288318216E-01   -0.1315075466E+00    0.7525391974E+00   -0.3971270771E+00
          14    0.7733776498E+00   -0.8346814540E+00   -0.4767379644E+00    0.5287575866E-01   -0.1488152548E+00    0.2064991756E+01    0.1545284948E+00
          15    0.7953535091E+00   -0.8262783080E+00   -0.5181666548E+00    0.5338505632E-01   -0.1334762524E+00   -0.3532483242E+00    0.7468070288E+00
          16    0.7697393307E+00   -0.8294247908E+00   -0.4747753274E+00    0.5343864772E-01   -0.1385049993E+00   -0.3890910299E+00    0.1341058385E+00
          17    0.8043220583E+00   -0.8317680318E+00   -0.5375396557E+00    0.5413596386E-01   -0.1634782948E+00    0.4650606661E+02   -0.1348579782E+01
          18    0.7784559357E+00   -0.8269854973E+00   -0.4824791056E+00    0.5294229279E-01   -0.1516609199E+00    0.2013611625E+01    0.3171205659E+00
          19    0.8025448990E+00   -0.8534839380E+00   -0.5054203253E+00    0.5365215398E-01   -0.1560857160E+00    0.2206858153E+01   -0.1197606496E+01
          20    0.8132904211E+00   -0.8332251888E+00   -0.4807264155E+00    0.4509786282E-01   -0.2514765075E+00   -0.3588551795E+00   -0.1199331007E-01
          21    0.7714152500E+00   -0.8327824618E+00   -0.4672336958E+00    0.5285789503E-01   -0.1360269156E+00    0.1759333455E+01    0.1187819212E+00
          22    0.8369675973E+00   -0.8151286691E+00   -0.5243584305E+00    0.3918568564E-01   -0.1067076302E+00   -0.1323550340E-01   -0.2731890147E-01
          23    0.7547007983E+00   -0.8026529241E+00   -0.4585185853E+00    0.5401688916E-01   -0.1382586331E+00    0.1857050595E+01    0.2902156544E+01
          24    0.7922490140E+00   -0.8341551946E+00   -0.5271587346E+00    0.5343671256E-01   -0.1550646321E+00    0.1306381018E+01   -0.1337574423E+01
          25    0.8157543959E+00   -0.8631769520E+00   -0.5158705643E+00    0.5155070086E-01   -0.1384785232E+00   -0.3343310890E+00    0.3141963119E+00
          26    0.7631761815E+00   -0.8240882688E+00   -0.4591503334E+00    0.5348722713E-01   -0.1398173956E+00    0.2346229599E+01    0.2757823720E+01
          27    0.8154917309E+00   -0.8621927503E+00   -0.5234276702E+00    0.5106546106E-01   -0.1366519122E+00   -0.3743373412E+00    0.3155989384E+00
          28    0.8372561159E+00   -0.8321743889E+00   -0.5069920383E+00    0.3927773771E-01   -0.1088737764E+00   -0.3234399044E+00   -0.1277760439E-01
          29    0.8049200855E+00   -0.8147198779E+00   -0.5087377452E+00    0.4469495452E-01   -0.2223946864E+00   -0.9318205878E+00   -0.1093359125E-01
          30    0.8049200855E+00   -0.8147198779E+00   -0.5087377452E+00    0.4469495452E-01   -0.2223946864E+00   -0.1093359125E-01    0.9318205878E+00
          31    0.8012998550E+00   -0.8322796228E+00   -0.4761376892E+00    0.5358964700E-01   -0.1193476430E+00   -0.3001544011E+00    0.1523153107E+01
          32    0.8130661373E+00   -0.8145904328E+00   -0.5000651242E+00    0.4492542164E-01   -0.2450143285E+00   -0.1249842938E-01   -0.2980173971E-01
          33    0.7864323328E+00   -0.8292233958E+00   -0.4759755993E+00    0.5305262905E-01   -0.1575647004E+00    0.2445390786E+01    0.2803495236E-01
          34    0.8176559501E+00   -0.7995259242E+00   -0.4968665014E+00    0.4382026985E-01   -0.2114586600E+00   -0.1132914119E-01   -0.2916041066E-01
          35    0.8176799427E+00   -0.8173980155E+00   -0.4777529013E+00    0.4400196457E-01   -0.2162866259E+00   -0.3473478702E+00   -0.1080061641E-01
          36    0.8255882179E+00   -0.8300728265E+00   -0.5357985111E+00    0.3986171799E-01   -0.1113092664E+00   -0.1293458962E-01    0.8508118118E+00
          37    0.8255882179E+00   -0.8300728265E+00   -0.5357985111E+00    0.3986171799E-01   -0.1113092664E+00   -0.8508118118E+00   -0.1293458962E-01
          38    0.7908730901E+00   -0.8309876137E+00   -0.5220169790E+00    0.5340184952E-01   -0.1228228241E+00   -0.8436635824E+00    0.1050236861E+01
          39    0.7908730901E+00   -0.8309876137E+00   -0.5220169790E+00    0.5340184952E-01   -0.1228228241E+00    0.1050236861E+01    0.8436635824E+00
          40    0.7847914025E+00   -0.8296256905E+00   -0.4797837946E+00    0.5408471236E-01   -0.1516527211E+00    0.2231606202E+01    0.9626690517E+00
          41    0.7868589755E+00   -0.8341886107E+00   -0.4866430859E+00    0.5282587455E-01   -0.1555693728E+00    0.2245533890E+01    0.2677009103E+00
          42    0.8030256993E+00   -0.8404487310E+00   -0.4870547538E+00    0.5148792646E-01   -0.1207773377E+00    0.2283058773E+01   -0.2363182944E-02
          43    0.8008030854E+00   -0.8291519679E+00   -0.5300029108E+00    0.5394167903E-01   -0.1294609177E+00   -0.8382927614E+00    0.3697387638E+02
          44    0.8008030854E+00   -0.8291519679E+00   -0.5300029108E+00    0.5394167903E-01   -0.1294609177E+00    0.3697387638E+02    0.8382927614E+00
          45    0.7962009944E+00   -0.8121994819E+00   -0.4852265324E+00    0.5531714258E-01   -0.1252359406E+00    0.2291157964E+01   -0.1125238688E-02
          46    0.8056859747E+00   -0.8263187123E+00   -0.5388310420E+00    0.5285084454E-01   -0.1379597836E+00   -0.4027371832E+00    0.3801009720E+02
          47    0.7883521592E+00   -0.8359327315E+00   -0.4868362141E+00    0.5367964314E-01   -0.1561448866E+00    0.2122575270E+01    0.6655559912E+00
          48    0.7900737738E+00   -0.8344243016E+00   -0.4917408531E+00    0.5305828614E-01   -0.1607308760E+00    0.2096218965E+01    0.2417058087E+00
          49    0.7997378778E+00   -0.8470133535E+00   -0.5044333785E+00    0.5355890542E-01   -0.1266228661E+00    0.1792283296E+01    0.7555106642E+00
          50    0.7997378778E+00   -0.8470133535E+00   -0.5044333785E+00    0.5355890542E-01   -0.1266228661E+00    0.1792283296E+01   -0.7555106642E+00
          51    0.8061066310E+00   -0.8276139319E+00   -0.5305100232E+00    0.5335779288E-01   -0.1399001277E+00   -0.3578983375E+00    0.3765685100E+02
          52    0.7831503394E+00   -0.8235691793E+00   -0.4779492687E+00    0.5461898768E-01   -0.1504643849E+00    0.2219622170E+01    0.1936775811E+01
          53    0.7797713481E+00   -0.8078970546E+00   -0.4767879601E+00    0.5355755148E-01   -0.1562354240E+00    0.1905275449E+01    0.2865685054E-01
          54    0.7738453305E+00   -0.8100633528E+00   -0.4836627118E+00    0.5332867442E-01   -0.1501863449E+00    0.1533872636E+01    0.3167437252E+00
          55    0.7865420349E+00   -0.8571994236E+00   -0.4914800609E+00    0.5076955280E-01   -0.1480311818E+00    0.2265859977E+01    0.2520420400E+01
          56    0.7985785811E+00   -0.8470993124E+00   -0.5174446290E+00    0.5338544942E-01   -0.1268715807E+00    0.8844329825E+00    0.7875520382E+00
          57    0.7985785811E+00   -0.8470993124E+00   -0.5174446290E+00    0.5338544942E-01   -0.1268715807E+00    0.8844329825E+00   -0.7875520382E+00
          58    0.7692343614E+00   -0.8175446858E+00   -0.4782002958E+00    0.5326371607E-01   -0.1471436819E+00    0.1561033506E+01    0.1522553837E+00
          59    0.7895112320E+00   -0.8422153321E+00   -0.4857541910E+00    0.5220694289E-01   -0.1558069073E+00    0.2273965345E+01    0.4475514447E+00
          60    0.8345987161E+00   -0.7964620010E+00   -0.5340804010E+00    0.4085002025E-01   -0.1191692795E+00   -0.1224353553E-01   -0.6880816751E-01
          61    0.8166198407E+00   -0.8724969815E+00   -0.5177869007E+00    0.5187088956E-01   -0.1579991882E+00    0.3598128119E+00   -0.1140567751E+01
          62    0.8003600516E+00   -0.8388168724E+00   -0.4865800447E+00    0.5282468578E-01   -0.1229134651E+00    0.2239599392E+01   -0.2283460488E-02
          63    0.7679913149E+00   -0.8182817447E+00   -0.4686503225E+00    0.5317360399E-01   -0.1347770067E+00    0.1318183763E+01    0.1181765352E+00
          64    0.8046014079E+00   -0.8354562693E+00   -0.4795385310E+00    0.5224810814E-01   -0.1392695832E+00    0.2263917167E+01   -0.1780717644E+01
          65    0.7697418429E+00   -0.8329026240E+00   -0.4759820772E+00    0.5266058782E-01   -0.1381262699E+00   -0.5125530008E+00    0.1423829933E+00
          66    0.7864102779E+00   -0.8375319825E+00   -0.4862508620E+00    0.5202586031E-01   -0.1558808425E+00    0.2274706938E+01    0.1299770479E+00
          67    0.7983680125E+00   -0.8322795499E+00   -0.4923791156E+00    0.5306080254E-01   -0.1283905794E+00    0.2206722947E+01    0.7241732501E-02
          68    0.7865653536E+00   -0.8329673429E+00   -0.4928329903E+00    0.5296147867E-01   -0.1569345760E+00    0.2209015869E+01    0.2138383644E+00
          69    0.7989978805E+00   -0.8309227011E+00   -0.4913963966E+00    0.5389935642E-01   -0.1542783188E+00    0.2124606660E+01    0.1202881890E+00
          70    0.7997340795E+00   -0.8325500089E+00   -0.4923119834E+00    0.5974551538E-01   -0.1116933245E+00    0.1957535894E+01   -0.1672124320E+00
          71    0.7790503099E+00   -0.8104556452E+00   -0.4807790379E+00    0.5454541768E-01   -0.1501987044E+00    0.1722702588E+01    0.9737933949E+00
          72    0.7800491473E+00   -0.8052515121E+00   -0.4778239408E+00    0.5995399891E-01   -0.2073204598E+00    0.1711515380E+01   -0.1842886560E+00
          73    0.7828159428E+00   -0.8177099501E+00   -0.4878490624E+00    0.5411941742E-01   -0.1549423743E+00    0.1640607216E+01    0.6772363790E+00
          74    0.7668472394E+00   -0.8280096700E+00   -0.4654520202E+00    0.5398790836E-01   -0.1396448691E+00    0.2100981878E+01    0.4541128613E+00
          75    0.7846522603E+00   -0.8164134476E+00   -0.4928360549E+00    0.5348099512E-01   -0.1596258280E+00    0.1619158791E+01    0.2459140190E+00
          76    0.7826514106E+00   -0.8014573665E+00   -0.4883602564E+00    0.6041339792E-01   -0.2165450349E+00   -0.3807614664E+00   -0.1867173019E+00
          77    0.8030900374E+00   -0.8463151852E+00   -0.5189074705E+00    0.5352843996E-01   -0.1223115237E+00    0.3913931719E+01    0.8359363510E+00
          78    0.8030900374E+00   -0.8463151852E+00   -0.5189074705E+00    0.5352843996E-01   -0.1223115237E+00   -0.8359363510E+00    0.3913931719E+01
          79    0.7970553705E+00   -0.8284191979E+00   -0.4860469676E+00    0.5255394099E-01   -0.1205013318E+00    0.2282744285E+01   -0.2165295134E-02
          80    0.7859917090E+00   -0.8361996286E+00   -0.4895365431E+00    0.5194741177E-01   -0.1553457571E+00    0.2275252692E+01    0.3175415585E+00
          81    0.7871622409E+00   -0.8368391686E+00   -0.4834564115E+00    0.5242323277E-01   -0.1493319324E+00    0.2208063575E+01    0.9013657708E-01
          82    0.7813810618E+00   -0.8151254524E+00   -0.4877909014E+00    0.5326977678E-01   -0.1539665461E+00    0.1724374501E+01    0.2681755436E+00
          83    0.7709180331E+00   -0.8393914395E+00   -0.4606800324E+00    0.5451883397E-01   -0.1388878092E+00    0.1915468962E+01    0.2957320604E+00
          84    0.7964344377E+00   -0.8286057371E+00   -0.5298966392E+00    0.5227857185E-01   -0.1313345263E+00   -0.3931435434E+00    0.1047323171E+01
          85    0.7774331213E+00   -0.8044395305E+00   -0.4789251834E+00    0.5508281369E-01   -0.1490057310E+00    0.1712785072E+01    0.1959106143E+01
          86    0.7863789416E+00   -0.8356371376E+00   -0.4973116114E+00    0.5196646598E-01   -0.1516589042E+00    0.2181489274E+01    0.2131377595E+00
          87    0.8085551161E+00   -0.8243831180E+00   -0.4907808118E+00    0.5241743375E-01   -0.1361157396E+00    0.2415177099E+01   -0.1551345548E-01
          88    0.8070056309E+00   -0.8484173226E+00   -0.4771570983E+00    0.5312224235E-01   -0.1222089344E+00    0.1869606351E+01   -0.2720702710E+00
          89    0.7763598571E+00   -0.8504179100E+00   -0.4251097998E+00    0.2792680421E+00    0.5289661752E-01   -0.1397581085E+00    0.2164215164E+01
          90    0.8051710149E+00   -0.8477189363E+00   -0.5153856040E+00    0.5346172295E-01   -0.1288933676E+00    0.1805511927E+01    0.8356240467E+00
          91    0.8051710149E+00   -0.8477189363E+00   -0.5153856040E+00    0.5346172295E-01   -0.1288933676E+00   -0.8356240467E+00    0.1805511927E+01
          92    0.7806161275E+00   -0.8138386291E+00   -0.4939753087E+00    0.5341060225E-01   -0.1557799175E+00    0.1713964266E+01    0.2186460891E+00
          93    0.8042812739E+00   -0.8703618972E+00   -0.4502893552E+00    0.1918276869E-01    0.3984201109E-01   -0.1476817379E+00    0.1966525804E+01
          94    0.7970975206E+00   -0.8299216462E+00   -0.5217675451E+00    0.5277408482E-01   -0.1333044442E+00   -0.3476574879E+00    0.1031938464E+01
          95    0.8030246537E+00   -0.8388715488E+00   -0.5257082233E+00    0.5265601071E-01   -0.1607019927E+00    0.6960598602E+00   -0.1297727654E+01
          96    0.8118634246E+00   -0.8444559401E+00   -0.4843294099E+00    0.5283097956E-01   -0.1312971758E+00    0.2296146546E+01   -0.3648771423E-02
          97    0.8139394883E+00   -0.8376726891E+00   -0.4874466159E+00    0.5314359409E-01   -0.1408488943E+00    0.2383615761E+01   -0.8983984700E-02
          98    0.7847879347E+00   -0.8049691458E+00   -0.4920066644E+00    0.6014357743E-01   -0.2144022296E+00   -0.1999401423E+00   -0.5229961868E+00
          99    0.8026913924E+00   -0.8403187593E+00   -0.5047519676E+00    0.5230788034E-01   -0.1405094938E+00    0.2202551801E+01   -0.7832225258E-01
         100    0.7805378264E+00   -0.8180604635E+00   -0.4873280305E+00    0.5247159780E-01   -0.1544655421E+00    0.1757803108E+01    0.1316301891E+00
