        Rank        RMSE       MaxAE  Feature_ID
           1    0.034503    0.117829  (       5      68     120     123     179     209)
           2    0.035558    0.108988  (       5      68     120     123     173     209)
           3    0.036270    0.123622  (       5      68     120     123     166     179)
           4    0.036469    0.123851  (       5      68     120     123     175     179)
           5    0.036586    0.117584  (       5      68     120     123     173     217)
           6    0.036586    0.117584  (       5      68     120     123     171     173)
           7    0.036595    0.128421  (       5      68     120     138     191     194)
           8    0.036608    0.118132  (       5      68     120     123     171     192)
           9    0.036608    0.118132  (       5      68     120     123     192     217)
          10    0.036693    0.128975  (       5      68     120     123     171     179)
          11    0.036693    0.128975  (       5      68     120     123     179     217)
          12    0.036715    0.109822  (       5      68     120     123     168     192)
          13    0.036747    0.112708  (       5      68     120     123     173     175)
          14    0.036751    0.116242  (       5      68     120     123     161     201)
          15    0.036769    0.112867  (       5      68     120     123     166     173)
          16    0.036787    0.121918  (       5      68     120     123     162     202)
          17    0.036792    0.116864  (       5      68     120     123     189     209)
          18    0.036834    0.116719  (       5      68     120     123     161     203)
          19    0.036847    0.123847  (       5      68     120     123     161     209)
          20    0.036860    0.144631  (       5      68     120     122     168     194)
          21    0.036867    0.123579  (       5      68     120     123     161     202)
          22    0.036888    0.135612  (       5      68     120     138     194     195)
          23    0.036902    0.119185  (       5      68     120     123     179     205)
          24    0.036931    0.109673  (       5      68     120     123     182     209)
          25    0.036944    0.113918  (       5      68     120     123     166     192)
          26    0.036945    0.122086  (       5      68     120     123     161     205)
          27    0.036964    0.113858  (       5      68     120     123     175     192)
          28    0.036968    0.131193  (       5      68     120     138     168     194)
          29    0.036974    0.148797  (       5      68     120     121     171     194)
          30    0.036974    0.148797  (       5      68     120     121     194     217)
          31    0.036978    0.121383  (       5      68     120     123     168     179)
          32    0.037019    0.149519  (       5      68     120     122     194     195)
          33    0.037022    0.127097  (       5      68     120     123     161     223)
          34    0.037069    0.144128  (       5      68     120     121     194     195)
          35    0.037085    0.139476  (       5      68     120     121     168     194)
          36    0.037110    0.139897  (       5      68     120     138     194     217)
          37    0.037110    0.139897  (       5      68     120     138     171     194)
          38    0.037120    0.120491  (       5      68     120     123     171     182)
          39    0.037120    0.120491  (       5      68     120     123     182     217)
          40    0.037122    0.126961  (       5      68     120     123     161     208)
          41    0.037125    0.126496  (       5      68     120     123     161     211)
          42    0.037137    0.121229  (       5      68     120     123     161     207)
          43    0.037152    0.121685  (       5      68     120     123     171     189)
          44    0.037152    0.121685  (       5      68     120     123     189     217)
          45    0.037168    0.122224  (       5      68     120     123     161     227)
          46    0.037192    0.116569  (       5      68     120     123     175     189)
          47    0.037197    0.125345  (       5      68     120     123     161     214)
          48    0.037221    0.125012  (       5      68     120     123     161     239)
          49    0.037225    0.131303  (       5      68     120     123     161     217)
          50    0.037225    0.131303  (       5      68     120     123     161     171)
          51    0.037226    0.116739  (       5      68     120     123     166     189)
          52    0.037230    0.127415  (       5      68     120     123     161     219)
          53    0.037255    0.124644  (       5      68     120     123     179     223)
          54    0.037258    0.115045  (       5      68     120     123     179     203)
          55    0.037290    0.113470  (       5      68     120     123     161     213)
          56    0.037295    0.121678  (       5      68     120     123     164     217)
          57    0.037295    0.121678  (       5      68     120     123     164     171)
          58    0.037311    0.114811  (       5      68     120     123     179     201)
          59    0.037333    0.125303  (       5      68     120     123     161     221)
          60    0.037352    0.128698  (       5      68     120     138     194     200)
          61    0.037356    0.109979  (       5      68     120     123     192     209)
          62    0.037359    0.122708  (       5      68     120     123     161     210)
          63    0.037364    0.125060  (       5      68     120     123     179     202)
          64    0.037369    0.133824  (       5      68     120     123     161     204)
          65    0.037378    0.120559  (       5      68     120     123     176     202)
          66    0.037390    0.127298  (       5      68     120     123     161     228)
          67    0.037394    0.125749  (       5      68     120     123     161     206)
          68    0.037402    0.126959  (       5      68     120     123     161     236)
          69    0.037423    0.125548  (       5      68     120     123     161     231)
          70    0.037426    0.126704  (       5      68     120     123     161     169)
          71    0.037429    0.124855  (       5      68     120     123     179     208)
          72    0.037434    0.138124  (       5      68     120     121     161     169)
          73    0.037446    0.123279  (       5      68     120     123     179     214)
          74    0.037459    0.117474  (       5      68     120     123     161     220)
          75    0.037470    0.122973  (       5      68     120     123     179     239)
          76    0.037471    0.134789  (       5      68     120     121     162     169)
          77    0.037484    0.126046  (       5      68     120     123     185     217)
          78    0.037484    0.126046  (       5      68     120     123     171     185)
          79    0.037486    0.123292  (       5      68     120     123     161     237)
          80    0.037486    0.127818  (       5      68     120     123     161     235)
          81    0.037511    0.128946  (       5      68     120     123     161     215)
          82    0.037516    0.124470  (       5      68     120     123     179     211)
          83    0.037518    0.119565  (       5      68     120     123     161     232)
          84    0.037533    0.116133  (       5      68     120     123     175     182)
          85    0.037538    0.125332  (       5      68     120     123     179     219)
          86    0.037556    0.127898  (       5      68     120     123     161     225)
          87    0.037557    0.117008  (       5      68     120     123     161     222)
          88    0.037571    0.124493  (       5      68     120     123     161     168)
          89    0.037585    0.114527  (       5      68      90     120     123     161)
          90    0.037615    0.128193  (       5      68     120     123     178     217)
          91    0.037615    0.128193  (       5      68     120     123     171     178)
          92    0.037622    0.124781  (       5      68     120     123     179     236)
          93    0.037624    0.124524  (       5      68      84     120     123     161)
          94    0.037627    0.116451  (       5      68     120     123     166     182)
          95    0.037632    0.114716  (       5      68     120     123     184     209)
          96    0.037642    0.116266  (       5      68     120     123     161     212)
          97    0.037658    0.118672  (       5      68     120     123     161     216)
          98    0.037677    0.133567  (       5      68     120     121     169     176)
          99    0.037678    0.120824  (       5      68     120     123     161     224)
         100    0.037694    0.125141  (       5      68     120     123     179     228)
