Model_ID, [(c_i,i=0,n)_j,j=1,ntask]
           1    0.7959868346E+00   -0.8411009828E+00   -0.4821199690E+00    0.5320882626E-01   -0.1358117102E+00    0.2161067576E+01
           2    0.8096567545E+00   -0.8608041423E+00   -0.4950756554E+00    0.5147088656E-01   -0.1387051688E+00    0.3621343926E+00
           3    0.7908327614E+00   -0.8228232664E+00   -0.4832787610E+00    0.5363183341E-01   -0.1342405338E+00    0.1654643662E+01
           4    0.7952639293E+00   -0.8409330568E+00   -0.4970172595E+00    0.5295145307E-01   -0.1365711300E+00    0.1046080631E+01
           5    0.7873459510E+00   -0.8188297594E+00   -0.4967522418E+00    0.5352527600E-01   -0.1330404517E+00    0.8296852520E+00
           6    0.7926952237E+00   -0.7851705343E+00   -0.5254081334E+00    0.4409008242E-01   -0.1391295516E+00    0.1956274302E+00
           7    0.7641785000E+00   -0.7662657407E+00   -0.4938047404E+00    0.4904449345E-01   -0.3011609398E+00    0.1896274025E+00
           8    0.7988635252E+00   -0.8408378049E+00   -0.4928743676E+00    0.5200292861E-01   -0.1401121894E+00    0.1074864241E+01
           9    0.8141429065E+00   -0.8685504033E+00   -0.4840877006E+00    0.4862502564E-01   -0.2259438057E+00   -0.4054391143E+00
          10    0.8062257681E+00   -0.8041781772E+00   -0.4987644324E+00    0.5932304038E-01   -0.2112038335E+00   -0.2020365273E+00
          11    0.8048042391E+00   -0.8006401172E+00   -0.5230297221E+00    0.5072912565E-01   -0.2429125552E+00   -0.5033046252E+00
          12    0.8244973526E+00   -0.8492370762E+00   -0.5277994485E+00    0.5265748944E-01   -0.1244848222E+00   -0.9414265194E+00
          13    0.8140770346E+00   -0.8487541533E+00   -0.5118936533E+00    0.4871753497E-01   -0.9762089218E-01   -0.1092719661E+01
          14    0.8242035583E+00   -0.7766706279E+00   -0.4766006319E+00    0.5223099079E-01   -0.2093334267E+00   -0.5464152528E+01
          15    0.8299089775E+00   -0.8216169595E+00   -0.5202601835E+00    0.3866675659E-01   -0.1282761803E+00   -0.1217222517E-01
          16    0.7698557473E+00   -0.8092857111E+00   -0.4615731867E+00    0.5288278894E-01   -0.2519345531E+00    0.1887547399E+01
          17    0.7992806900E+00   -0.8202778469E+00   -0.5101544634E+00    0.5349197770E-01   -0.1401675780E+00    0.4176077320E+02
          18    0.8308916887E+00   -0.8478390025E+00   -0.5279848021E+00    0.5197329989E-01   -0.1361292302E+00   -0.3970237957E+00
          19    0.7882958677E+00   -0.8224186317E+00   -0.5010086080E+00    0.5287242382E-01   -0.1327625902E+00    0.1179391621E+01
          20    0.8142874252E+00   -0.7921950658E+00   -0.4930742896E+00    0.4984469397E-01   -0.2091993392E+00   -0.9768957608E+00
          21    0.8306427968E+00   -0.8465704314E+00   -0.5369061304E+00    0.5140097971E-01   -0.1339536438E+00   -0.4431824023E+00
          22    0.8085488855E+00   -0.8086573362E+00   -0.5335543661E+00    0.5008503901E-01   -0.2358546013E+00   -0.3461141325E+00
          23    0.8160081217E+00   -0.8416937894E+00   -0.5230970100E+00    0.4815662076E-01   -0.1061099244E+00   -0.1877175047E+00
          24    0.8035781609E+00   -0.8063249589E+00   -0.5044098096E+00    0.5019588816E-01   -0.2805143952E+00   -0.2204052743E+00
          25    0.7728907222E+00   -0.8051955122E+00   -0.4730968281E+00    0.5326442257E-01   -0.2627499247E+00   -0.4153568817E+00
          26    0.8233947005E+00   -0.8204337101E+00   -0.5249272769E+00    0.5699073711E-01   -0.1014615613E+00   -0.2149753019E+00
          27    0.8016168242E+00   -0.8396596412E+00   -0.4976167493E+00    0.5303785936E-01   -0.1320213661E+00    0.4464482286E+01
          28    0.8265041582E+00   -0.8432992313E+00   -0.5372878843E+00    0.5251074782E-01   -0.1330652977E+00   -0.1557728394E+00
          29    0.8010560967E+00   -0.8386427644E+00   -0.4952967125E+00    0.5377196206E-01   -0.1385831422E+00   -0.4372998768E+00
          30    0.8127971711E+00   -0.8575313765E+00   -0.4964110777E+00    0.5032678821E-01   -0.1519435229E+00    0.1228111985E+01
          31    0.8262090851E+00   -0.7812536543E+00   -0.5241747110E+00    0.4740941749E-01   -0.2086386988E+00   -0.3839655869E+00
          32    0.8039089004E+00   -0.8412606008E+00   -0.4935674119E+00    0.5296568574E-01   -0.1395376233E+00    0.2066969136E+01
          33    0.7692801124E+00   -0.8089016486E+00   -0.4745956721E+00    0.5263370670E-01   -0.2536422115E+00    0.9099075238E+00
          34    0.7977399083E+00   -0.8267807251E+00   -0.5003346948E+00    0.5218415830E-01   -0.1385055633E+00    0.6396198757E+00
          35    0.7875395701E+00   -0.7828152841E+00   -0.4854135614E+00    0.5342175721E-01   -0.2957926213E+00    0.7360369533E+00
          36    0.8088662126E+00   -0.8212729228E+00   -0.4758280218E+00    0.5168226739E-01   -0.2280480867E+00   -0.3174965331E+00
          37    0.8252698153E+00   -0.8191731605E+00   -0.5186325335E+00    0.5591067332E-01   -0.9555072599E-01   -0.1949139782E+00
          38    0.7971247390E+00   -0.8187610705E+00   -0.5038757578E+00    0.5239095323E-01   -0.2340476720E+00   -0.8417926657E+00
          39    0.7524253260E+00   -0.7861387819E+00   -0.4975234353E+00    0.5180729317E-01   -0.3501635669E+00    0.2049606747E+00
          40    0.8972070808E+00   -0.4496650448E+00   -0.3841443605E+00   -0.2978209050E+01    0.3149426546E-01   -0.6244442859E+02
          41    0.7980026412E+00   -0.8664827602E+00   -0.5176328949E+00    0.4971133100E-01   -0.2285910588E+00   -0.1030831030E+01
          42    0.8008152237E+00   -0.8147906853E+00   -0.5025117622E+00    0.5170528092E-01   -0.2548378708E+00   -0.3544735510E+00
          43    0.8347506623E+00   -0.8508719439E+00   -0.4949998401E+00    0.5205563342E-01   -0.1192915269E+00   -0.3330333610E+00
          44    0.8070423992E+00   -0.8442480038E+00   -0.5074498096E+00    0.5810783133E-01   -0.1987666690E+00   -0.2286196570E+00
          45    0.8088570725E+00   -0.8055611364E+00   -0.5083929085E+00    0.4917628660E-01   -0.2291355610E+00   -0.3046734311E-02
          46    0.8164023894E+00   -0.8030903574E+00   -0.5051940740E+00    0.5898392364E-01   -0.1199955115E+00   -0.2260625044E+00
          47    0.7634814641E+00   -0.7910614669E+00   -0.4747371408E+00    0.5316874412E-01   -0.2465837553E+00    0.7068660698E+00
          48    0.7998551831E+00   -0.8203169324E+00   -0.5007065794E+00    0.6187723361E-01   -0.2355256842E+00   -0.2124110205E+00
          49    0.8156548499E+00   -0.7819154018E+00   -0.5004833298E+00    0.4948840399E-01   -0.2242378730E+00   -0.1621635793E+00
          50    0.8269865085E+00   -0.8444167159E+00   -0.5335792469E+00    0.5190750951E-01   -0.1344958190E+00   -0.1694510047E+00
          51    0.7905063421E+00   -0.4372040817E+00   -0.4091817884E+00    0.4315162487E-01   -0.6516100999E+02    0.3190331619E+00
          52    0.8210673626E+00   -0.7731716325E+00   -0.5088447376E+00    0.4831213170E-01   -0.2124750525E+00   -0.5274624367E+00
          53    0.8009213860E+00   -0.8141621160E+00   -0.5105661713E+00    0.5121622276E-01   -0.2508485954E+00   -0.3934386272E+00
          54    0.7976918170E+00   -0.8062385205E+00   -0.5181825133E+00    0.4975725125E-01   -0.1558837465E+00    0.1833170915E+00
          55    0.8197685122E+00   -0.7812371556E+00   -0.4851803436E+00    0.5769502022E-01   -0.1816847904E+00   -0.2101752457E+00
          56    0.8039430924E+00   -0.7970314592E+00   -0.5140336758E+00    0.5048937451E-01   -0.2736689384E+00   -0.2449498466E+00
          57    0.7638757156E+00   -0.7991253749E+00   -0.4721042955E+00    0.5328767669E-01   -0.2280483171E+00    0.1271167811E+01
          58    0.7872467831E+00   -0.8273768835E+00   -0.4911478220E+00    0.5373041188E-01   -0.1195194445E+00    0.1353465104E+01
          59    0.8117834729E+00   -0.8478688636E+00   -0.5041263791E+00    0.4908292732E-01   -0.2196334198E+00   -0.3153274796E-01
          60    0.7667162549E+00   -0.7947915792E+00   -0.4632831838E+00    0.5327013290E-01   -0.2474511940E+00    0.1376967879E+01
          61    0.8159776785E+00   -0.8431021390E+00   -0.5177377816E+00    0.4747617216E-01   -0.1067321252E+00   -0.2027545718E+00
          62    0.8060359497E+00   -0.8426377519E+00   -0.4982722240E+00    0.4746924980E-01   -0.1161760661E+00    0.2992141750E+00
          63    0.7771305986E+00   -0.8219557840E+00   -0.4719246076E+00    0.5090448834E-01   -0.2535410815E+00    0.1939996605E+01
          64    0.8272690804E+00   -0.8216708242E+00   -0.5125617389E+00    0.5079786870E-01   -0.1062486534E+00   -0.4566995860E+01
          65    0.8162602567E+00   -0.7821894066E+00   -0.4967314444E+00    0.4878302806E-01   -0.2274534217E+00   -0.1788603604E+00
          66    0.8075912441E+00   -0.8049638744E+00   -0.5185900023E+00    0.4972502674E-01   -0.2871388275E+00   -0.2863321593E+00
          67    0.8079230508E+00   -0.8053457218E+00   -0.4926387959E+00    0.5183701133E-01   -0.2260283710E+00   -0.2521015391E-01
          68    0.8040175612E+00   -0.7852261391E+00   -0.4990158945E+00    0.5335048360E-01   -0.2431428404E+00   -0.6761487561E-01
          69    0.8023363733E+00   -0.7999226148E+00   -0.5154561793E+00    0.5058743647E-01   -0.2706190345E+00   -0.4293253467E+00
          70    0.8049751870E+00   -0.8039246057E+00   -0.4855241102E+00    0.4443851558E-01   -0.2531983961E+00   -0.9788637847E-02
          71    0.8052442419E+00   -0.8067894412E+00   -0.4968334506E+00    0.5120316675E-01   -0.2272390105E+00   -0.8533555558E-01
          72    0.7726488407E+00   -0.8084618815E+00   -0.4706921893E+00    0.5186613562E-01   -0.2574998200E+00    0.8892984858E+00
          73    0.8043747710E+00   -0.8063662669E+00   -0.4884167202E+00    0.5444094697E-01   -0.2314986544E+00   -0.4418216462E+01
          74    0.8022373561E+00   -0.8666531824E+00   -0.5164833988E+00    0.4866261639E-01   -0.2519919770E+00   -0.4343166435E+00
          75    0.8188131712E+00   -0.7856193867E+00   -0.4977974873E+00    0.4850978354E-01   -0.2229821396E+00   -0.4400824594E+00
          76    0.7972959495E+00   -0.8115231666E+00   -0.5104357604E+00    0.5221902695E-01   -0.2488628885E+00   -0.1359988770E+00
          77    0.8071704801E+00   -0.8504785535E+00   -0.4988553469E+00    0.5231598784E-01   -0.2253536414E+00   -0.5530286305E+01
          78    0.7644253385E+00   -0.7939415296E+00   -0.4785967261E+00    0.5257390920E-01   -0.2471337023E+00    0.1008136447E+01
          79    0.8025126456E+00   -0.8649622274E+00   -0.5266160016E+00    0.4808618499E-01   -0.2476977743E+00   -0.4862482802E+00
          80    0.7741166442E+00   -0.7970486711E+00   -0.4742277296E+00    0.5153853138E-01   -0.2383717423E+00    0.4845237325E+01
          81    0.7570350417E+00   -0.3026767256E+00   -0.4820614094E+00    0.4910120846E-01   -0.1758796908E+00    0.4153600872E+00
          82    0.7970599338E+00   -0.8194552257E+00   -0.5254155555E+00    0.5321386516E-01   -0.2733464522E+00   -0.5173617246E+00
          83    0.8249665431E+00   -0.7966051925E+00   -0.4604598135E+00    0.4940358415E-01   -0.1992495555E+00   -0.3427331854E+00
          84    0.8187458211E+00   -0.7859554823E+00   -0.4880872347E+00    0.4904930281E-01   -0.2262667679E+00   -0.3912051253E+00
          85    0.7821482895E+00   -0.8196989173E+00   -0.4722995503E+00    0.5026424008E-01   -0.2802438414E+00    0.1055645821E+01
          86    0.8273011187E+00   -0.8320422933E+00   -0.5141738789E+00    0.5968131932E-01   -0.1079476619E+00   -0.1941468178E+00
          87    0.7977614706E+00   -0.8119752249E+00   -0.5079057523E+00    0.5162391421E-01   -0.2527207649E+00   -0.1514612860E+00
          88    0.7864015308E+00   -0.7898490282E+00   -0.4947612146E+00    0.5303082475E-01   -0.2656164930E+00    0.8403850572E+00
          89    0.7765749633E+00   -0.8083638968E+00   -0.4714579847E+00    0.5258639144E-01   -0.2596486431E+00    0.1787999170E+01
          90    0.7762693152E+00   -0.8092792312E+00   -0.4764670401E+00    0.5233659535E-01   -0.2637648161E+00   -0.5303211983E+00
          91    0.7729097258E+00   -0.7910393055E+00   -0.4852314838E+00    0.5307017726E-01   -0.2586884716E+00    0.3494941577E+02
          92    0.7734839178E+00   -0.3136006315E+00   -0.5089771550E+00    0.4756334468E-01   -0.1414586864E+00    0.3610029317E+00
          93    0.7506711279E+00   -0.3048404773E+00   -0.4736131939E+00    0.5172194303E-01   -0.2843248577E+00    0.3495094876E+00
          94    0.7715109850E+00   -0.7961707014E+00   -0.4774297519E+00    0.5192237931E-01   -0.2576824761E+00    0.5504460144E+00
          95    0.8332145656E+00   -0.8391755634E+00   -0.5512616907E+00    0.5069975052E-01   -0.1218291309E+00   -0.3379048675E+00
          96    0.8217403806E+00   -0.7541021563E+00   -0.4855411473E+00    0.5099136117E-01   -0.2153580582E+00   -0.7597430229E-01
          97    0.7988154177E+00   -0.8223562038E+00   -0.4886622826E+00    0.4584457119E-01   -0.2924153995E+00   -0.1115527322E-01
          98    0.8104591620E+00   -0.8228749955E+00   -0.5140412175E+00    0.5119244108E-01   -0.5231897545E+02   -0.5895917953E+00
          99    0.8175018097E+00   -0.8039912252E+00   -0.4961608107E+00    0.5338756862E-01   -0.1355158658E+00   -0.5410851529E+01
         100    0.8238097419E+00   -0.8346717889E+00   -0.5075990605E+00    0.4708279178E-01   -0.1483680025E+00   -0.5821611345E+00
