Model_ID, [(c_i,i=0,n)_j,j=1,ntask]
           1    0.7979200141E+00   -0.8085228978E+00   -0.4831552227E+00    0.5142142840E-01   -0.2610460433E+00
           2    0.8230010969E+00   -0.8261738413E+00   -0.5096568984E+00    0.4730176067E-01   -0.1193551067E+00
           3    0.8262607780E+00   -0.8420774237E+00   -0.5048227314E+00    0.5195455074E-01   -0.1359681122E+00
           4    0.8178446343E+00   -0.8296275512E+00   -0.5135829283E+00    0.4805608760E-01   -0.1255835861E+00
           5    0.8144492068E+00   -0.7800597212E+00   -0.4654447667E+00    0.4898310855E-01   -0.2268807412E+00
           6    0.7892525060E+00   -0.8291005417E+00   -0.4843637621E+00    0.5414233807E-01   -0.2934808853E+00
           7    0.7970387037E+00   -0.8140395788E+00   -0.4912474000E+00    0.5312188052E-01   -0.2625529609E+00
           8    0.7985172594E+00   -0.8004032782E+00   -0.4718764529E+00    0.5227534388E-01   -0.7123656837E+00
           9    0.9310023806E+00   -0.4531886957E+00   -0.3740925020E+00   -0.4049093276E+01   -0.7001021702E+02
          10    0.8078262103E+00   -0.8091932032E+00   -0.4872571708E+00    0.5016072819E-01   -0.1480989466E+00
          11    0.7958676436E+00   -0.8601831176E+00   -0.4894758692E+00    0.4902529218E-01   -0.2446290202E+00
          12    0.7940336411E+00   -0.7958622439E+00   -0.4736462388E+00    0.5181647529E-01   -0.1816179067E+00
          13    0.8184654297E+00   -0.8825730922E+00   -0.4277972651E+00    0.5202078558E-01   -0.1042461652E+00
          14    0.8256335812E+00   -0.9063781284E+00   -0.4250455360E+00    0.5611717164E-01   -0.1224176157E+00
          15    0.8113014331E+00   -0.8411103339E+00   -0.4801375224E+00    0.4829455206E-01   -0.1021096640E+00
          16    0.7896789252E+00   -0.8327320663E+00   -0.4888657788E+00    0.5520873067E-01   -0.3027819256E+00
          17    0.7877818874E+00   -0.8179745957E+00   -0.4829364855E+00    0.5415010069E-01   -0.2135211629E+00
          18    0.7865716179E+00   -0.8502941086E+00   -0.4693844620E+00    0.5763763379E-01   -0.8221434798E+00
          19    0.7844999138E+00   -0.8454781107E+00   -0.4850996324E+00    0.6092326409E-01   -0.6395894116E+00
          20    0.7910991303E+00   -0.8438399635E+00   -0.4790652125E+00    0.6195344095E-01   -0.5305951076E+00
          21    0.7874910604E+00   -0.8469255305E+00   -0.4873227730E+00    0.5017421695E-01   -0.2415327216E+00
          22    0.8144049402E+00   -0.8472378424E+00   -0.4583136387E+00    0.4821964664E-01   -0.1542126057E+00
          23    0.7896516388E+00   -0.8406177781E+00   -0.4559452000E+00    0.5722022302E-01   -0.6664621526E+00
          24    0.8145562756E+00   -0.8252198331E+00   -0.4557370110E+00    0.5121424237E-01   -0.2820190435E+00
          25    0.8001368436E+00   -0.8352387852E+00   -0.4641884074E+00    0.5255762069E-01   -0.5413106089E+02
          26    0.8421716727E+00   -0.8723236074E+00   -0.4565516669E+00    0.3327211242E-01   -0.1476410651E+00
          27    0.7815786506E+00   -0.8059139629E+00   -0.4878359335E+00    0.5521742041E-01   -0.1876508935E+00
          28    0.8330458311E+00   -0.4421016285E+00   -0.4129538996E+00    0.4456697661E-01   -0.5820023125E+02
          29    0.8160149922E+00   -0.4477339760E+00   -0.4342235976E+00    0.5348659876E-01   -0.6791857665E+00
          30    0.8491302875E+00   -0.8996995195E+00   -0.4423383796E+00    0.3843293931E-01   -0.1733072791E+00
          31    0.8186100001E+00   -0.8290582506E+00   -0.4585032441E+00    0.5723876532E-01   -0.1317966283E+00
          32    0.8181761492E+00   -0.4382357069E+00   -0.4327561840E+00    0.4681789033E-01   -0.2980492022E+00
          33    0.7704749225E+00   -0.8043337837E+00   -0.4738978252E+00    0.5942499802E-01   -0.7959474957E+00
          34    0.8137442567E+00   -0.8229740384E+00   -0.4292727999E+00    0.6273179459E-01   -0.1565432141E+00
          35    0.8174744985E+00   -0.8335221440E+00   -0.4793154733E+00    0.5260089966E-01   -0.3058436910E+00
          36    0.8239968097E+00   -0.4272056657E+00   -0.4314946592E+00    0.4465018853E-01   -0.2551353517E+00
          37    0.7881153942E+00   -0.8592091267E+00   -0.4608810133E+00    0.5918674159E-01   -0.3538492876E+01
          38    0.8200840573E+00   -0.4404007267E+00   -0.4382672328E+00    0.4767427979E-01   -0.3157051251E+00
          39    0.8607152406E+00   -0.4086844179E+00   -0.3946083180E+00    0.3329083043E+01   -0.7076127476E+02
          40    0.7976004058E+00   -0.8468284461E+00   -0.4786923586E+00    0.5546111275E-01   -0.3377124210E+00
          41    0.8485498915E+00   -0.4363759526E+00   -0.4557812627E+00    0.4057931450E-01   -0.1158034274E+00
          42    0.7764897679E+00   -0.8357051000E+00   -0.4705594869E+00    0.5839064305E-01   -0.8961300794E+00
          43    0.8454163487E+00   -0.4383464278E+00   -0.4608405485E+00    0.4096390091E-01   -0.1246306347E+00
          44    0.7947648537E+00   -0.8354416943E+00   -0.4675635628E+00    0.5617871719E-01   -0.2136663458E+00
          45    0.7984802179E+00   -0.8560951259E+00   -0.4501295316E+00    0.5431001366E-01   -0.2806391197E+00
          46    0.8216756770E+00   -0.4464547361E+00   -0.4271275821E+00    0.5460907431E-01   -0.5502784837E+00
          47    0.8266472977E+00   -0.4227159526E+00   -0.4220445981E+00    0.4515902511E-01   -0.7247406494E+00
          48    0.7797263034E+00   -0.8390836707E+00   -0.4691883883E+00    0.5879800968E-01   -0.4276861482E+01
          49    0.8077618723E+00   -0.4423034236E+00   -0.4199833807E+00    0.5081656961E-01   -0.9678809797E+00
          50    0.8106205403E+00   -0.4255544212E+00   -0.4389824727E+00    0.4793263432E-01   -0.1955207353E+00
          51    0.7785533583E+00   -0.8235354873E+00   -0.4600907681E+00    0.5794868519E-01   -0.7412856040E+00
          52    0.7831160075E+00   -0.8288458758E+00   -0.4587935190E+00    0.5974223075E-01   -0.3542396229E+01
          53    0.8522999428E+00   -0.4446283505E+00   -0.4500502170E+00    0.4495610399E-01   -0.1319448277E+00
          54    0.7934989410E+00   -0.8417024638E+00   -0.4433347639E+00    0.5606059791E-01   -0.3674411386E+00
          55    0.9368995540E+00   -0.4542994418E+00   -0.3932424789E+00   -0.4010446650E+01   -0.1227823104E+00
          56    0.8252035888E+00   -0.4300947795E+00   -0.4404975683E+00    0.4596806247E-01   -0.2651276281E+00
          57    0.8586287201E+00   -0.4802851211E+00   -0.3672117095E+00    0.4808014858E-01   -0.1253630435E+00
          58    0.9371298904E+00   -0.4159581579E+00   -0.3791835980E+00   -0.4050210967E+01   -0.2665010747E+00
          59    0.8498096320E+00   -0.4670915895E+00   -0.3717640921E+00    0.4418226318E-01   -0.1059370546E+00
          60    0.8164727257E+00   -0.4322088229E+00   -0.4322279741E+00    0.4689027552E-01   -0.2177578568E+00
          61    0.7893150399E+00   -0.3235291519E+00   -0.4836618087E+00    0.6246429137E-01   -0.6867520619E+00
          62    0.7922529780E+00   -0.3165884054E+00   -0.4812939678E+00    0.5549839036E-01   -0.3024571733E+00
          63    0.8385888311E+00   -0.8637850874E+00   -0.4592957252E+00    0.3128395742E-01   -0.1460384417E+00
          64    0.9331745261E+00   -0.4451102803E+00   -0.4290400298E+00   -0.3405131315E+01   -0.1340660471E+00
          65    0.8289866569E+00   -0.8435240127E+00   -0.4311530550E+00    0.6426849619E-01   -0.1650648828E+00
          66    0.8162849508E+00   -0.4496771775E+00   -0.4161962702E+00    0.5017161305E-01   -0.8363554754E+00
          67    0.7897383240E+00   -0.8540391517E+00   -0.4453884186E+00    0.6059184047E-01   -0.2680306925E+01
          68    0.7986423944E+00   -0.3084785849E+00   -0.4787070200E+00    0.5310696517E-01   -0.2581101095E+00
          69    0.8089667758E+00   -0.4352843405E+00   -0.4093061933E+00    0.5051789448E-01   -0.7897400100E+00
          70    0.9296509550E+00   -0.4474615533E+00   -0.4346409620E+00   -0.3411248934E+01   -0.1440883681E+00
          71    0.8236605383E+00   -0.3152399468E+00   -0.5048280062E+00    0.4904424236E-01   -0.1181985115E+00
          72    0.8446132921E+00   -0.8903280219E+00   -0.4443544685E+00    0.3664825942E-01   -0.1708687260E+00
          73    0.9488137681E+00   -0.4559669121E+00   -0.4188602278E+00   -0.3855054109E+01   -0.1556452853E+00
          74    0.7987170369E+00   -0.4247054651E+00   -0.4243351465E+00    0.5235536464E-01   -0.8223983963E+00
          75    0.9148924384E+00   -0.4665134756E+00   -0.4029416491E+00   -0.3824582083E+01   -0.2884372316E+00
          76    0.9312881736E+00   -0.4345567808E+00   -0.4028542414E+00   -0.4023460430E+01   -0.1757770427E+00
          77    0.9107566502E+00   -0.4357279118E+00   -0.3970498672E+00   -0.3685126834E+01   -0.2933496926E+00
          78    0.7905413763E+00   -0.3252299876E+00   -0.4662291476E+00    0.5904556179E-01   -0.8648599480E+00
          79    0.8163685676E+00   -0.4476344484E+00   -0.4340297437E+00    0.4279825812E-01   -0.2419981567E+00
          80    0.7953360685E+00   -0.3226293501E+00   -0.4765064272E+00    0.6357217298E-01   -0.5587589413E+00
          81    0.8197603973E+00   -0.3166518566E+00   -0.5097076458E+00    0.4958245546E-01   -0.1262755137E+00
          82    0.8235028149E+00   -0.3380678282E+00   -0.4223613150E+00    0.5329522652E-01   -0.1087078909E+00
          83    0.9556091201E+00   -0.4502885871E+00   -0.3905187523E+00   -0.4401620144E+01   -0.3816154998E+00
          84    0.8097735585E+00   -0.4437957709E+00   -0.4173198435E+00    0.5137175045E-01   -0.4446336820E+01
          85    0.8198071396E+00   -0.4206584613E+00   -0.4229986476E+00    0.4513795751E-01   -0.1776079315E+00
          86    0.9436033682E+00   -0.4447316224E+00   -0.3633063894E+00   -0.4148946766E+01   -0.3393992555E+00
          87    0.7810742136E+00   -0.3194965637E+00   -0.4685351878E+00    0.5967687135E-01   -0.9733570649E+00
          88    0.7846166145E+00   -0.3208979392E+00   -0.4670450649E+00    0.6012445961E-01   -0.4647910753E+01
          89    0.7926317464E+00   -0.3179890477E+00   -0.4858871453E+00    0.5661232165E-01   -0.3117100510E+00
          90    0.7847211671E+00   -0.3072946285E+00   -0.4856317660E+00    0.5647521379E-01   -0.1956442525E+00
          91    0.8254393012E+00   -0.3211602308E+00   -0.4988219106E+00    0.5386441547E-01   -0.1322377854E+00
          92    0.8174219951E+00   -0.4440824723E+00   -0.4028087881E+00    0.5000673503E-01   -0.6557558130E+00
          93    0.8298545928E+00   -0.3471460514E+00   -0.4195649919E+00    0.5770050747E-01   -0.1259032903E+00
          94    0.7905866147E+00   -0.3121343823E+00   -0.4798922203E+00    0.5549815795E-01   -0.2196821731E+00
          95    0.9356709996E+00   -0.4578129110E+00   -0.3672544824E+00   -0.3853920221E+01   -0.1803047721E+00
          96    0.8043831121E+00   -0.4032696577E+00   -0.4485821026E+00    0.5609809664E-01   -0.3120461653E+00
          97    0.8227406798E+00   -0.4537944230E+00   -0.4333475358E+00    0.4213754434E-01   -0.2341527240E+00
          98    0.7902358011E+00   -0.3235659400E+00   -0.4839975177E+00    0.5150849526E-01   -0.2476337248E+00
          99    0.8413181251E+00   -0.4348537597E+00   -0.3775518685E+00    0.5558695065E-01   -0.1557830971E+00
         100    0.8342025123E+00   -0.8733525104E+00   -0.4639454212E+00    0.3064925731E-01   -0.1512160100E+00
