        Rank        RMSE       MaxAE  Feature_ID
           1    0.047379    0.152235  (       5      68     120     121)
           2    0.047556    0.143174  (       5      68     120     125)
           3    0.048011    0.142692  (       5      68     120     123)
           4    0.048653    0.145316  (       5      68     120     138)
           5    0.048727    0.148422  (       5      68     120     151)
           6    0.048807    0.161379  (       5      68     120     122)
           7    0.049616    0.152878  (       5      68     120     133)
           8    0.049667    0.165230  (       5      68     120     141)
           9    0.049703    0.164716  (       1      68      89     132)
          10    0.049706    0.152983  (       5      68     120     144)
          11    0.049853    0.161269  (       5      68     120     143)
          12    0.049923    0.153831  (       5      68     120     152)
          13    0.049982    0.148383  (       5      68     120     128)
          14    0.050086    0.144905  (       5      68     120     134)
          15    0.050103    0.151367  (       5      68     120     142)
          16    0.050157    0.161141  (       5      68     120     130)
          17    0.050208    0.161074  (       5      68     120     137)
          18    0.050251    0.166001  (       5      68     120     124)
          19    0.050272    0.166335  (       5      68     120     129)
          20    0.050322    0.160278  (       5      68     120     127)
          21    0.050365    0.167129  (       5      68     120     145)
          22    0.050383    0.149341  (       5      68     120     140)
          23    0.050469    0.162488  (       5      68     120     126)
          24    0.050514    0.154206  (       5      68     120     139)
          25    0.050543    0.160618  (       5      68     120     132)
          26    0.050630    0.164566  (       5      68      84     125)
          27    0.050650    0.165017  (       5      68     120     158)
          28    0.050674    0.160520  (       1      68     120     132)
          29    0.050886    0.167219  (       1      68     120     129)
          30    0.050941    0.158866  (       5      68      84     123)
          31    0.050973    0.156616  (       5      68     120     131)
          32    0.051057    0.163914  (       1      68     120     122)
          33    0.051186    0.174191  (       5      68     120     159)
          34    0.051193    0.177510  (       5      68     120     136)
          35    0.051201    0.146392  (       5      68     120     157)
          36    0.051247    0.156588  (       1      68     120     121)
          37    0.051414    0.165230  (       5      68     120     135)
          38    0.051431    0.162497  (       1      68     120     130)
          39    0.051501    0.178819  (       1      68     108     132)
          40    0.051552    0.161485  (       5      68     120     155)
          41    0.051653    0.148227  (       1      68     120     125)
          42    0.051761    0.173482  (       5      68     120     148)
          43    0.051788    0.148987  (       1      68     120     138)
          44    0.051800    0.160507  (       5      68     120     156)
          45    0.051802    0.161135  (       5      68     120     146)
          46    0.051822    0.161891  (       1      68     120     127)
          47    0.051826    0.167654  (       1      68     120     141)
          48    0.051893    0.170615  (       5      68     120     150)
          49    0.051919    0.174214  (       1      68     120     148)
          50    0.051934    0.166472  (       1      68     120     158)
          51    0.051988    0.170349  (       5      68     120     160)
          52    0.052016    0.165885  (       5      68     120     154)
          53    0.052017    0.147795  (       1      68     120     123)
          54    0.052021    0.164810  (       5      68     120     147)
          55    0.052061    0.157051  (       1      68      89     142)
          56    0.052062    0.155531  (       1      68     120     133)
          57    0.052100    0.146955  (       1      68     120     134)
          58    0.052174    0.155226  (       1      68      89     151)
          59    0.052230    0.150869  (       1      68     120     128)
          60    0.052285    0.163380  (       1      68     120     137)
          61    0.052290    0.162631  (      14      68     120     129)
          62    0.052311    0.159220  (      14      68     120     122)
          63    0.052326    0.177139  (       5      68      85     125)
          64    0.052331    0.150847  (       1      68      89     125)
          65    0.052333    0.152464  (       5      68     120     149)
          66    0.052437    0.168619  (       1      68     120     124)
          67    0.052451    0.162950  (       5      68     120     153)
          68    0.052613    0.152058  (      14      68     120     121)
          69    0.052630    0.171292  (       1      68     120     160)
          70    0.052680    0.151906  (       1      68      89     138)
          71    0.052688    0.142966  (      14      68     120     125)
          72    0.052713    0.173795  (       5      68      85     123)
          73    0.052736    0.150585  (       1      68      89     123)
          74    0.052803    0.176298  (       1      68     120     159)
          75    0.052804    0.169816  (       1      68      89     143)
          76    0.052887    0.160117  (       1      68      89     144)
          77    0.052965    0.162153  (       1      68      89     121)
          78    0.053046    0.163119  (      14      68     120     124)
          79    0.053057    0.170332  (       1      68     120     145)
          80    0.053068    0.157059  (      14      68     120     127)
          81    0.053104    0.144168  (      14      68     120     138)
          82    0.053144    0.145048  (      14      68     120     128)
          83    0.053158    0.149916  (       1      68      89     157)
          84    0.053380    0.172516  (       1      68     120     150)
          85    0.053498    0.158072  (       1      68     120     152)
          86    0.053501    0.161187  (       1      68      89     139)
          87    0.053509    0.169946  (      14      68     120     148)
          88    0.053653    0.166810  (      14      68     120     150)
          89    0.053694    0.159023  (      14      68     120     130)
          90    0.053706    0.162538  (      14      68     120     158)
          91    0.053725    0.143564  (      14      68     120     123)
          92    0.053738    0.166421  (       1      68     120     126)
          93    0.053751    0.142242  (      14      68     120     134)
          94    0.053754    0.159009  (      14      68     120     137)
          95    0.053761    0.156243  (       1      68      89     140)
          96    0.053844    0.149796  (       4      68     120     122)
          97    0.054019    0.166442  (       1      68     120     143)
          98    0.054055    0.165324  (      14      68     120     145)
          99    0.054063    0.180838  (       1      68     120     136)
         100    0.054131    0.173344  (       5      68      84     138)
