Model_ID, [(c_i,i=0,n)_j,j=1,ntask]
           1    0.8666112990E+00   -0.4553737740E+00   -0.4139633941E+00
           2    0.4884052990E+00   -0.4561956765E+00    0.3771455524E+00
           3    0.1494467679E+01   -0.4563003446E+00   -0.4035070748E+00
           4    0.1121394059E+01   -0.4569268033E+00   -0.4367419352E+00
           5    0.9544255113E+00   -0.4529735118E+00   -0.3782527673E+00
           6    0.8640534892E+00   -0.4918741002E+00   -0.9919642640E+01
           7    0.8676274812E+00   -0.4749303999E+00   -0.1477899949E+00
           8    0.9104537032E+00   -0.4915539211E+00   -0.7907777173E+00
           9    0.7890514423E+00   -0.4559031267E+00   -0.3695794655E+00
          10    0.8867733258E+00   -0.5146404993E+00   -0.6565024358E+00
          11    0.8761692210E+00   -0.4568425369E+00   -0.4340193776E+00
          12    0.9355621172E+00   -0.4849770111E+00   -0.1166840934E+01
          13    0.9322913036E+00   -0.4614640221E+00   -0.2853815502E+00
          14    0.8874047090E+00   -0.4952792028E+00   -0.4535742872E+00
          15    0.8727923968E+00   -0.4808277973E+00   -0.3892769695E+00
          16    0.8752323331E+00   -0.4831495491E+00   -0.3484491084E+00
          17    0.9681993531E+00   -0.4850040211E+00   -0.2757252353E+00
          18    0.8723415223E+00   -0.4688851639E+00   -0.5048333760E+00
          19    0.9620188927E+00   -0.4866028507E+00   -0.2918698369E+00
          20    0.8776086669E+00   -0.4952580509E+00   -0.4246995902E+00
          21    0.8629160124E+00   -0.4773462066E+00   -0.3094546965E+00
          22    0.8711927632E+00   -0.5069719067E+00   -0.4353928875E+00
          23    0.8784469960E+00   -0.5076456946E+00   -0.5181119439E+00
          24    0.9029223205E+00   -0.4882106375E+00   -0.7863760855E+00
          25    0.8727719997E+00   -0.4891420326E+00   -0.3200241904E+00
          26    0.8644345283E+00   -0.5006462540E+00   -0.3923345486E+00
          27    0.8934477894E+00   -0.5078367919E+00   -0.5077560274E+00
          28    0.9430792877E+00   -0.4792421750E+00   -0.2946139718E+00
          29    0.8543585196E+00   -0.5057903344E+00   -0.1267729527E+02
          30    0.8875468163E+00   -0.5200714799E+00   -0.3829192608E+00
          31    0.9089229236E+00   -0.5088734306E+00   -0.6582263984E+00
          32    0.7594764150E+00   -0.8564237292E+00   -0.4256763494E+00
          33    0.8917563393E+00   -0.4861930724E+00   -0.6143552156E+00
          34    0.8795296302E+00   -0.4871010399E+00   -0.3713605675E+00
          35    0.9285754481E+00   -0.4846099656E+00   -0.3441760271E+00
          36    0.8696455362E+00   -0.4996473425E+00   -0.2931873135E+00
          37    0.8725475455E+00   -0.4994279134E+00   -0.3845992904E+00
          38    0.4667061940E+00   -0.4899451820E+00    0.4215460605E+00
          39    0.8779588197E+00   -0.4947696832E+00   -0.3719158342E+00
          40    0.8696819998E+00   -0.4870562837E+00   -0.3720927175E+00
          41    0.8652106218E+00   -0.5029073568E+00   -0.5148174115E+00
          42    0.9217795310E+00   -0.1796449514E+00   -0.1162529660E+02
          43    0.8566830984E+00   -0.4532006187E+00   -0.1118894568E+02
          44    0.8476595400E+00   -0.3575603463E+00   -0.1168298905E+02
          45    0.7996320268E+00   -0.3911404542E+00   -0.4645907075E+00
          46    0.8327882041E+00   -0.4574948100E+00   -0.1135289842E+02
          47    0.3935351264E+00   -0.4987903781E+00    0.4545018747E+00
          48    0.8488642959E+00   -0.4976311548E+00   -0.4966781149E+00
          49    0.7682867382E+00   -0.4026325624E+00   -0.4048878480E+00
          50    0.4324055063E+00   -0.8559600585E+00    0.4085506236E+00
          51    0.8417628669E+00   -0.8542151045E+00   -0.4467314830E+00
          52    0.4503849234E+00   -0.4156612874E+00    0.4037896297E+00
          53    0.8981910571E+00   -0.1078176949E+01   -0.5131559230E+00
          54    0.1516981377E+01   -0.8560144962E+00   -0.4341904065E+00
          55    0.9353903911E+00   -0.1774579053E+00   -0.1196630811E+02
          56    0.8539481810E+00   -0.7624670639E+00   -0.4507482369E+00
          57    0.4414316774E+00   -0.7640069645E+00    0.4115515910E+00
          58    0.8544319226E+00   -0.4147826015E+00   -0.4393736284E+00
          59    0.8888428516E+00   -0.1079099670E+01   -0.4880988397E+00
          60    0.1114159425E+01   -0.8572000286E+00   -0.4683058103E+00
          61    0.7609691565E+00   -0.3263542868E+00   -0.4216516021E+00
          62    0.8516060158E+00   -0.8317861076E+00   -0.1100287177E+02
          63    0.8410212873E+00   -0.9012768810E+00   -0.3508553690E+00
          64    0.8499274738E+00   -0.9080664583E+00   -0.4329819615E+00
          65    0.1515561937E+01   -0.4156254585E+00   -0.4253675477E+00
          66    0.8415768582E+00   -0.8945031845E+00   -0.1595559062E+00
          67    0.1527879307E+01   -0.7638917847E+00   -0.4339968073E+00
          68    0.1120533398E+01   -0.4161965248E+00   -0.4582681512E+00
          69    0.1537974009E+01   -0.3265376212E+00   -0.4448757849E+00
          70    0.1009801039E+01   -0.1627715895E+00   -0.4158205854E+00
          71    0.9392060276E+00   -0.1860212884E+00   -0.6038618963E+00
          72    0.8793646104E+00   -0.1089506159E+01   -0.3362737997E+00
          73    0.8450919786E+00   -0.3257492300E+00   -0.4533802406E+00
          74    0.1125396394E+01   -0.7649615796E+00   -0.4682730391E+00
          75    0.9341982294E+00   -0.8487841936E+00   -0.4032961862E+00
          76    0.1125925053E+01   -0.3270078171E+00   -0.4806834565E+00
          77    0.4304072453E+00   -0.3264060654E+00    0.4136063640E+00
          78    0.8600023741E+00   -0.4987180089E+00   -0.5214411368E+00
          79    0.8307334583E+00   -0.3717559474E+00   -0.1160063841E+02
          80    0.8512185115E+00   -0.9122349562E+00   -0.3833089004E+00
          81    0.8620623693E+00   -0.1437711018E+01   -0.4834046027E+00
          82    0.9032447691E+00   -0.1055008714E+01   -0.6968317682E+00
          83    0.4574805778E+00   -0.4026302107E+00    0.3883566891E+00
          84    0.8515662689E+00   -0.8566837132E+00   -0.4672245755E+00
          85    0.8871325276E+00   -0.1107411392E+01   -0.5822863224E+00
          86    0.8646457099E+00   -0.7647366748E+00   -0.4746350776E+00
          87    0.9453343027E+00   -0.4122384484E+00   -0.3967608874E+00
          88    0.7692153437E+00   -0.7629170924E+00   -0.4000736221E+00
          89    0.8380297219E+00   -0.4471238923E+00   -0.1145101266E+02
          90    0.8760523503E+00   -0.4544239389E+00   -0.4845079722E+00
          91    0.1521593552E+01   -0.9808227740E+00   -0.4211569867E+00
          92    0.9102324223E+00   -0.1636883321E+00   -0.4409978169E+00
          93    0.1494613282E+01   -0.4187859720E+00   -0.4267283139E+00
          94    0.8760534200E+00   -0.1442823143E+01   -0.5193091381E+00
          95    0.8838928240E+00   -0.9275810617E+00   -0.8370074396E+00
          96    0.9111168042E+00   -0.8661323337E+00   -0.3062261648E+00
          97    0.8458247746E+00   -0.4018183289E+00   -0.4213773767E+00
          98    0.4224408733E+00   -0.1440159131E+01    0.4375470251E+00
          99    0.8638863092E+00   -0.4160158003E+00   -0.4584380069E+00
         100    0.1183474260E+01   -0.1643057988E+00   -0.4673285255E+00
