        Rank        RMSE       MaxAE  Feature_ID
           1    0.081363    0.250008  (       1      47)
           2    0.081526    0.256327  (       1      48)
           3    0.081584    0.245093  (       1      49)
           4    0.081729    0.243360  (       1      50)
           5    0.082422    0.244589  (       1      63)
           6    0.082461    0.210056  (       1      41)
           7    0.082543    0.203929  (       1      43)
           8    0.082604    0.240749  (       1      42)
           9    0.082926    0.279638  (       1      68)
          10    0.083266    0.273855  (       1      44)
          11    0.083273    0.250850  (       1      75)
          12    0.083321    0.249325  (       1      46)
          13    0.083538    0.234819  (       1      70)
          14    0.083543    0.247614  (       1      45)
          15    0.083756    0.214281  (       1      51)
          16    0.084044    0.220774  (       1      53)
          17    0.084124    0.221792  (       1      52)
          18    0.084166    0.253846  (       1      69)
          19    0.084341    0.235362  (       1      54)
          20    0.084699    0.221042  (       1      55)
          21    0.084712    0.209004  (       1      67)
          22    0.084771    0.290315  (       1      56)
          23    0.084782    0.296324  (       1      57)
          24    0.084977    0.237770  (       1      60)
          25    0.084998    0.225567  (       1      59)
          26    0.085114    0.278309  (       1      58)
          27    0.085191    0.252277  (       1      61)
          28    0.085228    0.271399  (       1      79)
          29    0.085237    0.221847  (       1      62)
          30    0.085253    0.243483  (       1      76)
          31    0.085253    0.286714  (       1      64)
          32    0.085277    0.317818  (       5      68)
          33    0.085340    0.260072  (       1      74)
          34    0.085348    0.240925  (       1      72)
          35    0.085380    0.245409  (       1      77)
          36    0.085402    0.219449  (       1      65)
          37    0.085418    0.292758  (       1      66)
          38    0.085437    0.227140  (       1      71)
          39    0.085579    0.226962  (       1      73)
          40    0.085601    0.255521  (       1      80)
          41    0.085775    0.292226  (       1      78)
          42    0.086183    0.247973  (      12      41)
          43    0.086284    0.211290  (       4      41)
          44    0.086875    0.204841  (      14      41)
          45    0.086914    0.303238  (      40      68)
          46    0.087096    0.232209  (      10      41)
          47    0.087359    0.332710  (      34      48)
          48    0.087486    0.325219  (      34      47)
          49    0.087918    0.279333  (       3      68)
          50    0.088022    0.369556  (       5      48)
          51    0.088096    0.362716  (       5      47)
          52    0.088217    0.326864  (       4      48)
          53    0.088360    0.204973  (       7      45)
          54    0.088539    0.357863  (       5      49)
          55    0.088549    0.197523  (      27      41)
          56    0.088555    0.318830  (       9      47)
          57    0.088594    0.325734  (       9      48)
          58    0.088613    0.320491  (       4      47)
          59    0.088837    0.207122  (       7      55)
          60    0.088932    0.356411  (       5      50)
          61    0.088932    0.286949  (      14      68)
          62    0.089011    0.228299  (       9      41)
          63    0.089070    0.298527  (       5      67)
          64    0.089139    0.328349  (       5      51)
          65    0.089284    0.315879  (       4      49)
          66    0.089518    0.314741  (       5      43)
          67    0.089633    0.314481  (       9      49)
          68    0.089724    0.314468  (       4      50)
          69    0.089765    0.323617  (      14      49)
          70    0.089860    0.281275  (      12      63)
          71    0.089886    0.343143  (      12      57)
          72    0.089912    0.217526  (       7      65)
          73    0.089969    0.329271  (      14      47)
          74    0.089995    0.312942  (       9      50)
          75    0.090011    0.357067  (       5      63)
          76    0.090055    0.321960  (      14      50)
          77    0.090066    0.336283  (      14      48)
          78    0.090070    0.326705  (      34      75)
          79    0.090081    0.224754  (      24      41)
          80    0.090154    0.337180  (       5      53)
          81    0.090166    0.279107  (      36      47)
          82    0.090254    0.203297  (       7      74)
          83    0.090344    0.327575  (       3      48)
          84    0.090347    0.364235  (       5      75)
          85    0.090409    0.241709  (       7      57)
          86    0.090413    0.319833  (       9      75)
          87    0.090438    0.315170  (       4      63)
          88    0.090665    0.280890  (       9      68)
          89    0.090722    0.222273  (      23      41)
          90    0.090771    0.324183  (       4      45)
          91    0.090780    0.235296  (       7      49)
          92    0.090807    0.289381  (      12      47)
          93    0.090810    0.326295  (      10      49)
          94    0.090815    0.278740  (      36      75)
          95    0.090840    0.363707  (       5      42)
          96    0.090857    0.348474  (       5      70)
          97    0.090870    0.321606  (       3      47)
          98    0.090898    0.287006  (      36      48)
          99    0.090906    0.321976  (       4      75)
         100    0.090910    0.282143  (      12      50)
