Model_ID, [(c_i,i=0,n)_j,j=1,ntask]
           1    0.1489213151E+01   -0.3320812911E+00    0.1728903396E+00    0.5943252481E-01   -0.9994771399E-01
           2    0.1429988163E+01   -0.3276211983E+00    0.1774959175E+00    0.7141022572E-01    0.7090679288E-04
           3    0.1432189103E+01   -0.3274777322E+00    0.1749159920E+00    0.7232268456E-01   -0.1912671989E-03
           4    0.1432189103E+01   -0.3274777322E+00    0.1749159920E+00    0.7232268456E-01    0.1912671989E-03
           5    0.1425532251E+01   -0.3267919940E+00    0.1809711964E+00    0.7108154172E-01    0.8678887618E-04
           6    0.1429585556E+01   -0.3271312478E+00    0.1744121336E+00    0.7059078577E-01   -0.4696292084E-03
           7    0.1428798813E+01   -0.3268908624E+00    0.1744227448E+00    0.7066135282E-01    0.4694211518E-03
           8    0.1427130651E+01   -0.3147010310E+00    0.1594823197E+00    0.7196472477E-01   -0.1575140868E-01
           9    0.1471885708E+01   -0.3395593332E+00    0.1997259606E+00    0.8708918966E+01   -0.1038867674E+00
          10    0.1424009586E+01   -0.3258007619E+00    0.1779411509E+00    0.3376572343E-01    0.7100294490E-04
          11    0.1426124001E+01   -0.3256290509E+00    0.1753633174E+00    0.3421411869E-01   -0.1915539513E-03
          12    0.1426124001E+01   -0.3256290509E+00    0.1753633174E+00    0.3421411869E-01    0.1915539513E-03
          13    0.1425589876E+01   -0.3265290684E+00    0.1782482328E+00    0.3969495999E-01    0.7139349745E-04
          14    0.1427744387E+01   -0.3263708155E+00    0.1756686873E+00    0.4019651552E-01    0.1924153807E-03
          15    0.1427744387E+01   -0.3263708155E+00    0.1756686873E+00    0.4019651552E-01   -0.1924153807E-03
          16    0.1426839090E+01   -0.3262570035E+00    0.1756303185E+00    0.7040690280E-01    0.1269251547E-03
          17    0.1419562945E+01   -0.3249739434E+00    0.1814163179E+00    0.3363065356E-01    0.8700548985E-04
          18    0.1421104470E+01   -0.3256917147E+00    0.1817398642E+00    0.3955137147E-01    0.8754002859E-04
          19    0.1422901708E+01   -0.3250968371E+00    0.1748653234E+00    0.3338075528E-01    0.4696690446E-03
          20    0.1423699678E+01   -0.3253414105E+00    0.1748572244E+00    0.3333825507E-01   -0.4697110377E-03
          21    0.1425251235E+01   -0.3260541457E+00    0.1751356063E+00    0.3921120860E-01   -0.4726998242E-03
          22    0.1424458200E+01   -0.3258127730E+00    0.1751502555E+00    0.3924178591E-01    0.4723162884E-03
          23    0.1424101497E+01   -0.3263969381E+00    0.1816252023E+00    0.7081850818E-01    0.2137859846E-03
          24    0.1420901996E+01   -0.3244407034E+00    0.1760349764E+00    0.3336308912E-01    0.1276162964E-03
          25    0.1422464073E+01   -0.3251602881E+00    0.1763343844E+00    0.3918610682E-01    0.1281878114E-03
          26    0.1486905359E+01   -0.3339244013E+00    0.1861418487E+00    0.1910923868E-01   -0.9964596263E-01
          27    0.1544995934E+01   -0.3488464553E+00    0.1096378120E+00   -0.1383379302E+01    0.6876344588E-04
          28    0.1455176168E+01   -0.3294986636E+00    0.1486591947E+00    0.6395367289E-01   -0.1896580626E-02
          29    0.1455176168E+01   -0.3294986636E+00    0.1486591947E+00    0.6395367289E-01    0.1896580626E-02
          30    0.1455101507E+01   -0.3299116275E+00    0.1483807015E+00    0.6130908515E-01   -0.4339700775E-03
          31    0.1454392288E+01   -0.3296928213E+00    0.1483796379E+00    0.6134874034E-01    0.4334559514E-03
          32    0.1450257229E+01   -0.3291577835E+00    0.1544118908E+00    0.6265990066E-01    0.2032433830E-03
          33    0.1552452811E+01   -0.3508734868E+00    0.1100452739E+00   -0.1379356809E+01    0.6872975513E-04
          34    0.1457955052E+01   -0.3303014086E+00    0.1484648474E+00    0.6240450539E-01    0.1746530447E-03
          35    0.1457955052E+01   -0.3303014086E+00    0.1484648474E+00    0.6240450539E-01   -0.1746530447E-03
          36    0.1459646548E+01   -0.3275420066E+00    0.1650144475E+00    0.7148490770E-01   -0.1565067652E-01
          37    0.1445709655E+01   -0.3238667518E+00    0.1605577979E+00    0.6352089990E-01   -0.3123577796E-01
          38    0.1452575864E+01   -0.3249043759E+00    0.1600961414E+00    0.7082650654E-01   -0.3370345976E-01
          39    0.1451477530E+01   -0.3296287386E+00    0.1543896559E+00    0.6147185787E-01    0.7957681386E-04
          40    0.1452594857E+01   -0.3290558438E+00    0.1492500890E+00    0.6169475411E-01    0.1187606264E-03
          41    0.1542555320E+01   -0.3478700939E+00    0.1099374812E+00   -0.1386110003E+01   -0.1989553006E-02
          42    0.1542555320E+01   -0.3478700939E+00    0.1099374812E+00   -0.1386110003E+01    0.1989553006E-02
          43    0.1419687209E+01   -0.3253003061E+00    0.1823946978E+00    0.3939293253E-01    0.2157137087E-03
          44    0.1455594957E+01   -0.3304116481E+00    0.1512518516E+00    0.6145591628E-01    0.6451505657E-04
          45    0.1465653963E+01   -0.3287127797E+00    0.1480577620E+00    0.6834279761E-01   -0.4466065104E-02
          46    0.1464403700E+01   -0.3282028291E+00    0.1551913491E+00    0.7024530166E-01   -0.5519016141E-01
          47    0.1418184798E+01   -0.3245972121E+00    0.1820724587E+00    0.3346018036E-01    0.2139335651E-03
          48    0.1428868096E+01   -0.3268012022E+00    0.1763585556E+00    0.7118251174E-01   -0.1942888878E-02
          49    0.1428868096E+01   -0.3268012022E+00    0.1763585556E+00    0.7118251174E-01    0.1942888878E-02
          50    0.1473558827E+01   -0.3282337582E+00    0.1608677999E+00    0.6386407765E-01   -0.9960412175E-01
          51    0.1398452160E+01   -0.3121965391E+00    0.1906634479E+00    0.7824739062E-01   -0.1533030943E-01
          52    0.1550018445E+01   -0.3499068541E+00    0.1103780669E+00   -0.1381916881E+01    0.1990621544E-02
          53    0.1550018445E+01   -0.3499068541E+00    0.1103780669E+00   -0.1381916881E+01   -0.1990621544E-02
          54    0.1461629470E+01   -0.3282975508E+00    0.1536434831E+00   -0.7458946298E-01    0.1226300640E-03
          55    0.1451344041E+01   -0.3292235921E+00    0.1542420726E+00    0.6395520726E-01    0.5488423666E-03
          56    0.1451344041E+01   -0.3292235921E+00    0.1542420726E+00    0.6395520726E-01   -0.5488423666E-03
          57    0.1424861697E+01   -0.3264836830E+00    0.1820618132E+00    0.7156900367E-01    0.5681704950E-03
          58    0.1424861697E+01   -0.3264836830E+00    0.1820618132E+00    0.7156900367E-01   -0.5681704950E-03
          59    0.1542809217E+01   -0.3484991001E+00    0.1113826881E+00   -0.1384607064E+01    0.8308482591E-04
          60    0.1547731530E+01   -0.3486185593E+00    0.1078310075E+00   -0.1483999517E+01   -0.2002676947E-02
          61    0.1547731530E+01   -0.3486185593E+00    0.1078310075E+00   -0.1483999517E+01    0.2002676947E-02
          62    0.1550187754E+01   -0.3496623067E+00    0.1075711152E+00   -0.1473418601E+01    0.6850376894E-04
          63    0.1554968586E+01   -0.3505961444E+00    0.1083583139E+00   -0.1482025208E+01   -0.2003023725E-02
          64    0.1554968586E+01   -0.3505961444E+00    0.1083583139E+00   -0.1482025208E+01    0.2003023725E-02
          65    0.1550377982E+01   -0.3505602955E+00    0.1118121113E+00   -0.1380466416E+01    0.8307063260E-04
          66    0.1468216709E+01   -0.3264632029E+00    0.1961309989E+00    0.1176384302E+00   -0.1065710590E+00
          67    0.1540685488E+01   -0.3473539736E+00    0.1086490714E+00   -0.1362682033E+01    0.1232081184E-03
          68    0.1557420773E+01   -0.3516305833E+00    0.1080656904E+00   -0.1471637001E+01    0.6844679215E-04
          69    0.1545904056E+01   -0.3484494615E+00    0.1080085943E+00   -0.1377684147E+01   -0.1792318423E-03
          70    0.1545904056E+01   -0.3484494615E+00    0.1080085943E+00   -0.1377684147E+01    0.1792318423E-03
          71    0.1548097546E+01   -0.3493597793E+00    0.1090172166E+00   -0.1358916945E+01    0.1230017696E-03
          72    0.1424470216E+01   -0.3256996396E+00    0.1770775365E+00    0.3961418444E-01    0.1962359877E-02
          73    0.1424470216E+01   -0.3256996396E+00    0.1770775365E+00    0.3961418444E-01   -0.1962359877E-02
          74    0.1420348586E+01   -0.3253533095E+00    0.1828386396E+00    0.3992810200E-01   -0.5761396196E-03
          75    0.1420348586E+01   -0.3253533095E+00    0.1828386396E+00    0.3992810200E-01    0.5761396196E-03
          76    0.1422919271E+01   -0.3249906813E+00    0.1768044103E+00    0.3363845429E-01    0.1944351377E-02
          77    0.1422919271E+01   -0.3249906813E+00    0.1768044103E+00    0.3363845429E-01   -0.1944351377E-02
          78    0.1393209216E+01   -0.3108020913E+00    0.1916177754E+00    0.4369161786E-01   -0.1549500074E-01
          79    0.1455922201E+01   -0.3322063746E+00    0.1487785392E+00   -0.4768906456E-02    0.7731914455E+01
          80    0.1451565859E+01   -0.3243989208E+00    0.1639044349E+00   -0.1223823899E+01    0.6362242305E-04
          81    0.1553234831E+01   -0.3504528498E+00    0.1084509193E+00   -0.1373464382E+01    0.1794362066E-03
          82    0.1553234831E+01   -0.3504528498E+00    0.1084509193E+00   -0.1373464382E+01   -0.1794362066E-03
          83    0.1542054218E+01   -0.3480606723E+00    0.1082247261E+00   -0.1341023759E+01    0.4430174259E-03
          84    0.1460172466E+01   -0.3289530370E+00    0.1592950820E+00   -0.7327835340E-01    0.8028273913E-04
          85    0.1418834585E+01   -0.3246463860E+00    0.1825112822E+00    0.3388519856E-01   -0.5702791160E-03
          86    0.1418834585E+01   -0.3246463860E+00    0.1825112822E+00    0.3388519856E-01    0.5702791160E-03
          87    0.1391824482E+01   -0.3101769044E+00    0.1911672674E+00    0.3706620824E-01   -0.1533158799E-01
          88    0.1547997584E+01   -0.3492837567E+00    0.1092977485E+00   -0.1478571889E+01    0.8320405490E-04
          89    0.1541606058E+01   -0.3481953407E+00    0.1119940825E+00   -0.1385403181E+01    0.2072515256E-03
          90    0.1463671480E+01   -0.3292610619E+00    0.1534101439E+00   -0.7269205782E-01   -0.4339673843E-03
          91    0.1472528331E+01   -0.3300707313E+00    0.1748829209E+00    0.2136288184E-01   -0.1044532195E+00
          92    0.1462967798E+01   -0.3290416716E+00    0.1534122083E+00   -0.7274058442E-01    0.4334400762E-03
          93    0.1447478257E+01   -0.3236603449E+00    0.1670697101E+00   -0.1219631725E+01    0.7795400795E-04
          94    0.1456834302E+01   -0.3253008565E+00    0.1619586096E+00   -0.1319151327E+01    0.6331374476E-04
          95    0.1452783189E+01   -0.3245388156E+00    0.1650584106E+00   -0.1318330825E+01    0.7797355102E-04
          96    0.1555341577E+01   -0.3512856633E+00    0.1098134041E+00   -0.1476688848E+01    0.8316350331E-04
          97    0.1542846774E+01   -0.3482930201E+00    0.1081338215E+00   -0.1339267283E+01   -0.4408334870E-03
          98    0.1458508410E+01   -0.3282912560E+00    0.1983177109E+00    0.2926317547E-01   -0.9452966577E-01
          99    0.1549207764E+01   -0.3502701557E+00    0.1124444999E+00   -0.1381151077E+01    0.2073348555E-03
         100    0.1549455169E+01   -0.3500524219E+00    0.1085538242E+00   -0.1337583860E+01    0.4416645725E-03
