Model_ID, [(c_i,i=0,n)_j,j=1,ntask]
           1    0.1483171297E+01   -0.3306317733E+00    0.1844172052E+00    0.5849493705E-01   -0.1092131509E+00   -0.6339940880E-03
           2    0.1485668568E+01   -0.3313913790E+00    0.1834971531E+00    0.5829905119E-01   -0.1087160077E+00   -0.6802124143E-03
           3    0.1458340640E+01   -0.3287702931E+00    0.1853923591E+00    0.5809870201E-01   -0.9817275521E-01    0.1728438942E+00
           4    0.1501666580E+01   -0.3337751518E+00    0.1634455985E+00    0.5861372570E-01   -0.1062273757E+00   -0.7881715997E-03
           5    0.1501666580E+01   -0.3337751518E+00    0.1634455985E+00    0.5861372570E-01   -0.1062273757E+00    0.7881715997E-03
           6    0.1477415461E+01   -0.3290727531E+00    0.1796656417E+00    0.5923626931E-01   -0.9883483162E-01   -0.6104082290E-02
           7    0.1492782344E+01   -0.3337476795E+00    0.1662413326E+00    0.5588080285E-01   -0.9393331426E-01   -0.5767275076E-02
           8    0.1486431104E+01   -0.3318016917E+00    0.1792170232E+00    0.5784115049E-01   -0.1007896168E+00   -0.3842592895E-02
           9    0.1486425613E+01   -0.3316994473E+00    0.1837846897E+00    0.5788344822E-01   -0.1076807897E+00   -0.6995685418E-03
          10    0.1491936446E+01   -0.3325403038E+00    0.1796914709E+00    0.5914243676E-01   -0.1075059226E+00   -0.4275090473E-03
          11    0.1485098881E+01   -0.3313896819E+00    0.1787805198E+00    0.5924433574E-01   -0.9977071431E-01   -0.3046018421E-02
          12    0.1489973020E+01   -0.3320878702E+00    0.1797138722E+00    0.5993821052E-01   -0.1062282340E+00   -0.7559360731E-03
          13    0.1492645292E+01   -0.3317188008E+00    0.1688849986E+00    0.5888034538E-01   -0.9882938447E-01    0.4063255965E-03
          14    0.1485253391E+01   -0.3304696108E+00    0.1760052645E+00    0.5707681320E-01   -0.1024802589E+00    0.3009937394E-03
          15    0.1481518927E+01   -0.3305510353E+00    0.1790328211E+00    0.5959698327E-01   -0.9912126860E-01   -0.3440531055E-02
          16    0.1481518927E+01   -0.3305510353E+00    0.1790328211E+00    0.5959698327E-01   -0.9912126860E-01    0.3440531055E-02
          17    0.1484848761E+01   -0.3313209173E+00    0.1795299963E+00    0.5859686766E-01   -0.1017237507E+00    0.4192468718E-02
          18    0.1484848761E+01   -0.3313209173E+00    0.1795299963E+00    0.5859686766E-01   -0.1017237507E+00   -0.4192468718E-02
          19    0.1483208794E+01   -0.3305925886E+00    0.1781911750E+00    0.5973898245E-01   -0.1013353525E+00   -0.2573526781E-02
          20    0.1489074400E+01   -0.3322699717E+00    0.1765707455E+00    0.5922681220E-01   -0.9923806913E-01   -0.1745321010E-02
          21    0.1487447680E+01   -0.3324432176E+00    0.1643872665E+00    0.5853579843E-01   -0.8085212459E-01    0.1436789587E-02
          22    0.1487447680E+01   -0.3324432176E+00    0.1643872665E+00    0.5853579843E-01   -0.8085212459E-01   -0.1436789587E-02
          23    0.1486337597E+01   -0.3326220038E+00    0.1640473009E+00    0.5684475263E-01   -0.7893196430E-01   -0.3162497639E-03
          24    0.1485741962E+01   -0.3324521191E+00    0.1640439211E+00    0.5690046955E-01   -0.7879813136E-01    0.3146152646E-03
          25    0.1484029784E+01   -0.3321641056E+00    0.1684876166E+00    0.5869001980E-01   -0.7992031574E-01    0.4013077190E-03
          26    0.1484029784E+01   -0.3321641056E+00    0.1684876166E+00    0.5869001980E-01   -0.7992031574E-01   -0.4013077190E-03
          27    0.1482619942E+01   -0.3320487502E+00    0.1683828834E+00    0.5788911766E-01   -0.7854642496E-01    0.1467001672E-03
          28    0.1484185914E+01   -0.3319595021E+00    0.1646743760E+00    0.5724795422E-01   -0.7836643297E-01    0.8479726878E-04
          29    0.1463984440E+01   -0.3218613359E+00    0.1707850811E+00    0.6490285110E-01   -0.7219453790E-01   -0.1076771361E-01
          30    0.1485715125E+01   -0.3328388851E+00    0.1659993240E+00    0.5726315125E-01   -0.7730961917E-01    0.4485566782E-04
          31    0.1480865060E+01   -0.3324365127E+00    0.1975171627E+00    0.1881199070E-01   -0.1089614004E+00   -0.6374421683E-03
          32    0.1482740858E+01   -0.3322809803E+00    0.1681423241E+00    0.5730549348E-01   -0.7707262483E-01    0.5514023295E-04
          33    0.1482604340E+01   -0.3359063953E+00    0.1704105086E+00   -0.3398430581E-02    0.7553600860E+01   -0.7951709738E-01
          34    0.1490681080E+01   -0.3355077421E+00    0.1785199859E+00    0.1797260535E-01   -0.9349401563E-01   -0.5891445409E-02
          35    0.1486786061E+01   -0.3326918420E+00    0.1639720126E+00    0.5805820699E-01   -0.7629253180E-01    0.1192604864E-03
          36    0.1486786061E+01   -0.3326918420E+00    0.1639720126E+00    0.5805820699E-01   -0.7629253180E-01   -0.1192604864E-03
          37    0.1474820672E+01   -0.3293955225E+00    0.1542862769E+00    0.6202158785E-01   -0.1522021191E-02   -0.7931039851E-01
          38    0.1474820672E+01   -0.3293955225E+00    0.1542862769E+00    0.6202158785E-01    0.1522021191E-02   -0.7931039851E-01
          39    0.1483448354E+01   -0.3332194086E+00    0.1965126373E+00    0.1866529527E-01   -0.1084582350E+00   -0.6776290432E-03
          40    0.1456645449E+01   -0.3306660486E+00    0.1982844877E+00    0.1849680203E-01   -0.9807427085E-01    0.1700984389E+00
          41    0.1470616862E+01   -0.3291091530E+00    0.1588677275E+00    0.6105066766E-01    0.1612348690E-03   -0.7847377789E-01
          42    0.1474318340E+01   -0.3296996274E+00    0.1540844709E+00    0.6001211326E-01   -0.3428013974E-03   -0.7805131742E-01
          43    0.1473751551E+01   -0.3295256844E+00    0.1540878283E+00    0.6004729109E-01   -0.7804489401E-01    0.3421185360E-03
          44    0.1454571477E+01   -0.3285176200E+00    0.1867427074E+00    0.2956482186E-01   -0.6915487024E-01   -0.3658464507E-03
          45    0.1474895247E+01   -0.3301004626E+00    0.1563793928E+00    0.6009766654E-01   -0.7869031376E-01    0.5107587121E-04
          46    0.1458547220E+01   -0.3300701029E+00    0.1856801734E+00    0.6201178122E-01   -0.6550305080E-01   -0.3717099767E-03
          47    0.1453814741E+01   -0.3283111562E+00    0.1867339193E+00    0.2961522190E-01   -0.6891049710E-01    0.3649579172E-03
          48    0.1476518920E+01   -0.3300008195E+00    0.1541662523E+00    0.6089314754E-01    0.1374709029E-03   -0.7796873798E-01
          49    0.1476518920E+01   -0.3300008195E+00    0.1541662523E+00    0.6089314754E-01   -0.1374709029E-03   -0.7796873798E-01
          50    0.1457792372E+01   -0.3298645492E+00    0.1856727559E+00    0.6210742079E-01   -0.6525980332E-01    0.3707232683E-03
          51    0.1484283995E+01   -0.3335392924E+00    0.1966679593E+00    0.1843723103E-01   -0.1074382173E+00   -0.6897422159E-03
          52    0.1455755067E+01   -0.3291547260E+00    0.1868624924E+00    0.3467310497E-01   -0.6848457347E-01   -0.3696107806E-03
          53    0.1470854691E+01   -0.3347169147E+00    0.1840449151E+00    0.7341163131E+01   -0.4367604457E-01   -0.7999211237E-01
          54    0.1477461192E+01   -0.3349984971E+00    0.1819648582E+00    0.3954197620E-01    0.5252975770E+01   -0.9786616559E-01
          55    0.1471332232E+01   -0.3294638423E+00    0.1588205922E+00    0.6019071824E-01    0.6230151326E-04   -0.7771327921E-01
          56    0.1455013878E+01   -0.3289516998E+00    0.1868649774E+00    0.3471548563E-01   -0.6827139188E-01    0.3683807940E-03
          57    0.1499092407E+01   -0.3356008997E+00    0.1770307834E+00    0.1856277345E-01   -0.1059828536E+00   -0.7624546168E-03
          58    0.1499092407E+01   -0.3356008997E+00    0.1770307834E+00    0.1856277345E-01   -0.1059828536E+00    0.7624546168E-03
          59    0.1489647157E+01   -0.3344046918E+00    0.1928524113E+00    0.1882745464E-01   -0.1071970416E+00   -0.4174831819E-03
          60    0.1471385985E+01   -0.3291488361E+00    0.1587354921E+00    0.6211445342E-01   -0.7829224703E-01    0.4300336938E-03
          61    0.1471385985E+01   -0.3291488361E+00    0.1587354921E+00    0.6211445342E-01   -0.7829224703E-01   -0.4300336938E-03
          62    0.1486681799E+01   -0.3307452441E+00    0.1746068244E+00    0.6424884489E-01   -0.7438633646E-01   -0.1013734891E-01
          63    0.1455105239E+01   -0.3331755772E+00    0.1990932062E+00    0.6432769925E+01    0.2256111720E-01   -0.9245301785E-01
          64    0.1477173268E+01   -0.3279130173E+00    0.1569805982E+00    0.6326079801E-01   -0.9845982444E-01    0.4079010130E-03
          65    0.1454483718E+01   -0.3327371217E+00    0.1989332703E+00    0.6348889601E+01    0.1927102285E-01   -0.9281735120E-01
          66    0.1471983971E+01   -0.3290063262E+00    0.1548027376E+00    0.6042392230E-01   -0.7703019676E-01    0.9216522194E-04
          67    0.1452143879E+01   -0.3260910451E+00    0.1501813997E+00   -0.3385189976E-02    0.5012569367E-01    0.1191739812E-03
          68    0.1457116285E+01   -0.3337999793E+00    0.1983741701E+00    0.4009820338E-01    0.6412528652E+01   -0.9073978663E-01
          69    0.1475712442E+01   -0.3311000312E+00    0.1928200199E+00    0.1873141303E-01   -0.9885985179E-01   -0.5856394812E-02
          70    0.1482783732E+01   -0.3332120881E+00    0.1925880965E+00    0.1860296978E-01   -0.1015941474E+00    0.4077641723E-02
          71    0.1482783732E+01   -0.3332120881E+00    0.1925880965E+00    0.1860296978E-01   -0.1015941474E+00   -0.4077641723E-02
          72    0.1466502218E+01   -0.3249924961E+00    0.1635317835E+00    0.6187059769E-01   -0.7650017514E-01   -0.2413081909E-01
          73    0.1477518487E+01   -0.3283818747E+00    0.1716227039E+00    0.5914305574E-01   -0.7404603740E-01   -0.1999638626E-01
          74    0.1448524144E+01   -0.3247354071E+00    0.1497118220E+00   -0.3488351049E-02    0.2369816058E-01    0.1193618069E-03
          75    0.1479553556E+01   -0.3325020326E+00    0.1922802048E+00    0.1891955335E-01   -0.9905946485E-01   -0.3324950026E-02
          76    0.1479553556E+01   -0.3325020326E+00    0.1922802048E+00    0.1891955335E-01   -0.9905946485E-01    0.3324950026E-02
          77    0.1453049366E+01   -0.3286608716E+00    0.1888195926E+00    0.3011231750E-01   -0.6588571717E-01    0.5404313954E-04
          78    0.1457069121E+01   -0.3302452790E+00    0.1877608383E+00    0.6318134050E-01   -0.6208102597E-01    0.5498302645E-04
          79    0.1490343488E+01   -0.3336271324E+00    0.1823920932E+00    0.1862259394E-01   -0.9885312536E-01    0.3905947017E-03
          80    0.1485328598E+01   -0.3343059850E+00    0.1778921615E+00    0.1856022830E-01   -0.8137822881E-01    0.1392770457E-02
          81    0.1485328598E+01   -0.3343059850E+00    0.1778921615E+00    0.1856022830E-01   -0.8137822881E-01   -0.1392770457E-02
          82    0.1456249028E+01   -0.3284969051E+00    0.1888503470E+00    0.2951516164E-01   -0.7378684519E-01   -0.1526440651E-02
          83    0.1456249028E+01   -0.3284969051E+00    0.1888503470E+00    0.2951516164E-01   -0.7378684519E-01    0.1526440651E-02
          84    0.1483336112E+01   -0.3323907649E+00    0.1889163602E+00    0.1797224419E-01   -0.1024553378E+00    0.2896123719E-03
          85    0.1484479425E+01   -0.3337058391E+00    0.1921384211E+00    0.1817872733E-01   -0.1008476597E+00   -0.3661041510E-02
          86    0.1483104485E+01   -0.3333295189E+00    0.1919660188E+00    0.1871537666E-01   -0.9977487094E-01   -0.2912266743E-02
          87    0.1449663256E+01   -0.3252728423E+00    0.1499638579E+00   -0.3481945762E-02    0.2774661933E-01    0.1198056491E-03
          88    0.1481229090E+01   -0.3325622609E+00    0.1914890424E+00    0.1892974835E-01   -0.1012198433E+00   -0.2471978734E-02
          89    0.1452061537E+01   -0.3277768098E+00    0.1877150113E+00    0.2963258062E-01   -0.6868007321E-01    0.9771324446E-04
          90    0.1441509556E+01   -0.3251236026E+00    0.1627386329E+00    0.4673304989E-01   -0.4622800832E-01    0.1216094159E-03
          91    0.1452063216E+01   -0.3266576871E+00    0.1510014426E+00   -0.3159458623E-02    0.5179724830E-01    0.4307376268E-03
          92    0.1460310688E+01   -0.3300612850E+00    0.1878534177E+00    0.6178844534E-01   -0.7032099843E-01   -0.1546606763E-02
          93    0.1460310688E+01   -0.3300612850E+00    0.1878534177E+00    0.6178844534E-01   -0.7032099843E-01    0.1546606763E-02
          94    0.1452754900E+01   -0.3268777963E+00    0.1510221922E+00   -0.3155896822E-02    0.5175501849E-01   -0.4307862278E-03
          95    0.1486888283E+01   -0.3341618711E+00    0.1898380196E+00    0.1875526843E-01   -0.9922140625E-01   -0.1678333418E-02
          96    0.1439253237E+01   -0.3256717454E+00    0.1687123703E+00    0.4884106179E-01   -0.4348835619E-01    0.8153709466E-04
          97    0.1457404805E+01   -0.3291237158E+00    0.1889625595E+00    0.3465147097E-01   -0.7307983535E-01   -0.1546659149E-02
          98    0.1457404805E+01   -0.3291237158E+00    0.1889625595E+00    0.3465147097E-01   -0.7307983535E-01    0.1546659149E-02
          99    0.1454256003E+01   -0.3293148907E+00    0.1889687959E+00    0.3530744949E-01   -0.6519303801E-01    0.5458073452E-04
         100    0.1449654276E+01   -0.3280270908E+00    0.1914818117E+00    0.3001246449E-01   -0.6591176468E-01    0.6591217446E-04
