Model_ID, [(c_i,i=0,n)_j,j=1,ntask]
           1    0.1444278379E+01   -0.3340469535E+00    0.1827049864E+00
           2    0.1478650969E+01   -0.3464624366E+00    0.2435025281E+00
           3    0.1602549650E+01   -0.3358810717E+00   -0.4857807400E+00
           4    0.1611481766E+01   -0.3451614501E+00   -0.3140801066E-02
           5    0.5246402718E+00    0.3267990610E+00   -0.1695038957E+00
           6    0.1512001638E+01   -0.3447851426E+00    0.2088170332E+00
           7    0.1594273116E+01   -0.3426969830E+00   -0.1062325307E+00
           8    0.1609720971E+01   -0.3436538264E+00   -0.8367296185E-02
           9    0.1601704661E+01   -0.3436970562E+00   -0.1570148049E-02
          10    0.1617045963E+01   -0.3469022839E+00   -0.2843639399E-02
          11    0.1620090845E+01   -0.3483552720E+00   -0.1612946212E+02
          12    0.1614110254E+01   -0.3463925029E+00   -0.2314060085E-02
          13    0.1612495489E+01   -0.3458133853E+00   -0.2810748110E-02
          14    0.1563274737E+01   -0.3648310152E+00    0.1139002036E+00
          15    0.1555733146E+01   -0.3627689087E+00    0.1132665088E+00
          16    0.1620489169E+01   -0.3481823215E+00   -0.1154032230E-02
          17    0.1620831246E+01   -0.3485555835E+00   -0.1611962515E+02
          18    0.1602127319E+01   -0.3469015454E+00   -0.1193922426E+00
          19    0.1540149275E+01   -0.3552837825E+00    0.1671175585E+00
          20    0.1549560899E+01   -0.3623288722E+00    0.3215540981E+00
          21    0.1561524401E+01   -0.3680175605E+00    0.2056092395E+00
          22    0.3709470828E+00    0.1142230165E+00    0.2771361935E+01
          23    0.3443068140E+00    0.2787908404E+01    0.1256154392E+00
          24    0.4946808689E+00    0.7869288134E+00    0.1108436838E+00
          25    0.3457209168E+00    0.2380786222E+00    0.2637194062E+01
          26    0.9559488813E+00    0.2328297087E+00   -0.1745271611E+02
          27    0.9563693013E+00    0.2329768866E+00   -0.1745844217E+02
          28    0.1808190882E+00    0.3349067208E+00   -0.5283112389E+00
          29    0.9520033369E+00    0.2304823875E+00   -0.3279382711E-02
          30    0.2825657549E+00    0.2788880793E+01   -0.1629281228E+01
          31    0.4688335101E+00    0.7931430437E+00    0.1217717310E+00
          32    0.2769782273E+00    0.3322045372E+00   -0.1656771913E+00
          33    0.9600339092E+00    0.2240742998E+00   -0.4950275778E+00
          34    0.9388264649E+00    0.2287384302E+00   -0.1105361185E+00
          35    0.9912223405E+00    0.2245388261E+00   -0.5235662587E+00
          36    0.4086611669E+00    0.7945537929E+00   -0.1579132794E+01
          37    0.3986209384E+00   -0.1351396562E+00    0.2770107033E+01
          38    0.4925549757E+00    0.7859315439E+00   -0.1656553012E+00
          39   -0.2141862498E+00    0.7422195853E+00    0.2512568871E+01
          40    0.9523647561E+00    0.2313299766E+00   -0.2424273094E-02
          41    0.9527838497E+00    0.2294063588E+00   -0.8652712661E-02
          42    0.3705844508E+00   -0.1705612741E+00    0.2752790010E+01
          43    0.9553965290E+00    0.2325836329E+00   -0.1206453111E-02
          44    0.9540922820E+00    0.2316718319E+00   -0.2951514220E-02
          45    0.1968429051E+00    0.3239629865E+00   -0.2764079116E+00
          46    0.4366742278E+00    0.2390075815E+00    0.8964770550E+00
          47   -0.2264830329E+00    0.4116218640E+00    0.2509854830E+01
          48    0.8156968273E+00    0.2313010174E+00    0.2424198303E+00
          49    0.3758770285E+00    0.9543349728E+00   -0.1629373172E+01
          50    0.2069541278E+00   -0.2795869894E+00    0.3179154290E+00
          51    0.1027555231E+01   -0.2077064432E+00   -0.9098212004E-02
          52    0.1034471803E+01   -0.2751889915E+00   -0.9081606030E-02
          53    0.3058371477E+00    0.7445530154E+00   -0.4891370346E+00
          54    0.9511879213E+00    0.2308952501E+00   -0.2888980630E-02
          55    0.1315902590E+01   -0.1948245830E+00    0.2118920072E+00
          56    0.2958413222E+00   -0.2883870458E+00    0.2625791717E+01
          57    0.2932681240E+00    0.4127663263E+00   -0.4891434868E+00
          58    0.9836078534E+00    0.2301638908E+00   -0.9005530929E-02
          59    0.3027938804E+00    0.4140443334E+00   -0.1463582519E+01
          60    0.7936017092E+00   -0.2056025285E+00    0.2438659423E+01
          61    0.3497889890E+00    0.1282259807E+00    0.2672616723E+01
          62    0.3684746096E+00    0.2770068483E+01   -0.1126791939E+00
          63    0.7341875229E+00   -0.1680378158E+00    0.7654832827E+00
          64    0.8245010071E+00   -0.5072729272E+00   -0.1018661021E+00
          65    0.2877889302E+00   -0.2850152807E+00    0.2670778638E+01
          66    0.4680258771E+00    0.1242739829E+00    0.7638402504E+00
          67    0.3724704744E+00    0.2766671956E+01   -0.1491808353E+00
          68    0.6249437101E+00   -0.1733325880E+00    0.2671008999E+01
          69    0.3122532308E+00    0.7497323130E+00   -0.1449624563E+01
          70    0.9788029770E+00    0.2369542960E+00   -0.1597022818E+00
          71    0.9851764827E+00    0.2335360231E+00   -0.1719139026E+02
          72    0.9856095570E+00    0.2336824184E+00   -0.1719599059E+02
          73    0.1029160198E+01   -0.2107217944E+00   -0.1710673764E+02
          74    0.1029580871E+01   -0.2108501341E+00   -0.1709478412E+02
          75    0.9810510536E+00    0.2312055257E+00   -0.3238739235E-02
          76    0.7030336357E+00   -0.2004218186E+00    0.2928215410E+00
          77    0.1065513684E+01   -0.2503280911E+00   -0.1259865459E+00
          78    0.3612725195E+00    0.3907443948E+00    0.2152088327E+00
          79   -0.2917088901E+00    0.4012894383E+00    0.2998321675E+00
          80    0.1027995150E+01   -0.2097513107E+00   -0.2973567544E-02
          81    0.8363697872E+00   -0.5087501712E+00   -0.7782004702E-02
          82    0.4887020339E+00    0.7916714506E+00   -0.1086051488E+00
          83    0.3713986787E+00    0.7061360811E+00    0.2141330440E+00
          84    0.8836443634E+00    0.2434954597E+00    0.3394071366E+00
          85    0.7163925230E+00   -0.1738758713E+00    0.9127746397E+00
          86    0.1024278200E+01   -0.2086183176E+00   -0.3191148788E-02
          87    0.8969486642E+00   -0.2012628153E+00    0.6892184623E+00
          88    0.8266696581E+00   -0.5091828255E+00   -0.1021097412E+00
          89   -0.2778666213E+00    0.7256309286E+00    0.2980587717E+00
          90    0.1077671218E+01   -0.2478340984E+00   -0.8555199882E-02
          91    0.3956258706E+00    0.7913978953E+00   -0.5213314781E+00
          92    0.3757468496E+00    0.4122295119E+00   -0.1514171888E+00
          93    0.8341602990E+00   -0.5108567871E+00   -0.2846535864E-02
          94    0.1879178566E+00    0.3355368238E+00   -0.1556873746E+01
          95    0.5170539678E+00    0.7893205251E+00   -0.1297161510E+00
          96    0.2998340081E+00    0.3335538842E+00   -0.1294103460E+00
          97    0.8442292895E+00   -0.4983593701E+00   -0.4341451726E+00
          98    0.9682272165E+00    0.2324164978E+00   -0.1237671832E+00
          99    0.4917487753E+00    0.7913843294E+00   -0.1435696036E+00
         100    0.9676039661E+00    0.2294758775E+00   -0.1081434544E+00
