        Rank        RMSE       MaxAE  Feature_ID
           1    0.046903    0.113656  (       1      22)
           2    0.048388    0.119709  (       1      21)
           3    0.048442    0.113315  (       1      34)
           4    0.048829    0.137995  (       1      23)
           5    0.049411    0.139636  (       7       9)
           6    0.049415    0.135179  (       1      27)
           7    0.049444    0.133823  (       1      35)
           8    0.049472    0.123106  (       1      32)
           9    0.049708    0.129199  (       1      39)
          10    0.049724    0.138382  (       1      29)
          11    0.049885    0.134136  (       1      30)
          12    0.049885    0.135828  (       1      36)
          13    0.049891    0.137526  (       1      37)
          14    0.049906    0.117321  (       1      25)
          15    0.049915    0.116411  (       1      24)
          16    0.049923    0.135949  (       1      33)
          17    0.049932    0.134284  (       1      31)
          18    0.050040    0.148186  (       1      40)
          19    0.050102    0.126794  (       1      26)
          20    0.050140    0.131302  (       1      28)
          21    0.050157    0.137035  (       1      38)
          22    0.050243    0.147867  (      11      14)
          23    0.051461    0.156176  (      14      18)
          24    0.051809    0.126837  (      10      11)
          25    0.051816    0.135038  (       4      14)
          26    0.051985    0.121756  (       6      30)
          27    0.052000    0.121707  (       6      31)
          28    0.052031    0.109129  (       7      15)
          29    0.052355    0.126587  (       6      23)
          30    0.052426    0.150684  (      14      20)
          31    0.052627    0.132204  (      10      18)
          32    0.052638    0.158478  (       7      12)
          33    0.052976    0.174123  (       6      34)
          34    0.053114    0.133200  (       6      35)
          35    0.053179    0.127914  (      18      34)
          36    0.053207    0.122622  (      10      20)
          37    0.053248    0.154720  (      13      14)
          38    0.053289    0.125664  (      10      12)
          39    0.053302    0.168716  (       2      14)
          40    0.053306    0.128905  (       6      36)
          41    0.053393    0.143063  (       6      32)
          42    0.053424    0.141945  (      12      14)
          43    0.053436    0.124324  (       6      33)
          44    0.053510    0.127167  (       6      29)
          45    0.053716    0.122758  (       7       8)
          46    0.053741    0.122550  (       4      19)
          47    0.053775    0.176546  (       3      14)
          48    0.053852    0.140854  (       6      21)
          49    0.053857    0.141212  (      19      20)
          50    0.053863    0.122211  (       5       7)
          51    0.053922    0.138373  (      17      32)
          52    0.053978    0.118692  (      16      32)
          53    0.054013    0.115524  (       2      15)
          54    0.054046    0.136700  (       6      37)
          55    0.054252    0.134087  (       1       4)
          56    0.054266    0.156970  (       5      14)
          57    0.054331    0.119062  (       3      15)
          58    0.054405    0.135877  (      18      32)
          59    0.054411    0.120376  (       3      20)
          60    0.054429    0.171563  (       1      14)
          61    0.054458    0.167441  (       6      14)
          62    0.054622    0.147752  (      14      17)
          63    0.054910    0.137575  (       9      10)
          64    0.054929    0.178184  (       5      35)
          65    0.054953    0.157513  (       8      14)
          66    0.054989    0.114996  (       6      10)
          67    0.055094    0.171599  (      14      16)
          68    0.055142    0.131846  (       9      14)
          69    0.055165    0.128055  (       2      20)
          70    0.055218    0.154370  (       4      12)
          71    0.055267    0.141595  (      18      30)
          72    0.055283    0.141850  (      18      31)
          73    0.055418    0.141408  (      17      30)
          74    0.055471    0.141088  (      17      31)
          75    0.055511    0.161437  (      18      23)
          76    0.055526    0.134684  (       1       7)
          77    0.055554    0.149865  (      13      40)
          78    0.055573    0.140205  (       3       4)
          79    0.055715    0.147781  (       3       7)
          80    0.055794    0.139090  (      17      29)
          81    0.055914    0.164034  (       5      32)
          82    0.055926    0.121473  (      10      17)
          83    0.055972    0.144561  (       2       4)
          84    0.055977    0.159385  (      18      28)
          85    0.055989    0.151422  (       9      19)
          86    0.056036    0.141904  (      17      23)
          87    0.056053    0.134569  (       1      10)
          88    0.056079    0.176021  (       8      35)
          89    0.056107    0.146917  (       2       7)
          90    0.056181    0.150448  (      13      32)
          91    0.056182    0.120083  (      10      15)
          92    0.056191    0.138414  (       3      12)
          93    0.056202    0.165840  (       5      23)
          94    0.056239    0.122296  (       7      20)
          95    0.056367    0.136473  (      10      13)
          96    0.056394    0.122154  (       7      13)
          97    0.056449    0.220520  (       5      34)
          98    0.056462    0.159980  (      18      40)
          99    0.056526    0.145906  (      10      16)
         100    0.056562    0.145995  (      18      35)
