Model_ID, [(c_i,i=0,n)_j,j=1,ntask]
           1    0.1496961725E+01   -0.3316746940E+00    0.1765250907E+00    0.5935499439E-01   -0.1254547789E+00   -0.7185262870E-03    0.1616939492E+01
           2    0.1494188219E+01   -0.3308844584E+00    0.1774921827E+00    0.5955305333E-01   -0.1255663586E+00   -0.6618022651E-03    0.1587270288E+01
           3    0.1496804114E+01   -0.3316910992E+00    0.1753784239E+00    0.5948150923E-01   -0.1237836866E+00   -0.7134037270E-03    0.2354620367E+01
           4    0.1494059576E+01   -0.3309053444E+00    0.1763596924E+00    0.5967640211E-01   -0.1239463312E+00   -0.6576429917E-03    0.2314047789E+01
           5    0.1496677347E+01   -0.3314307740E+00    0.1734187636E+00    0.5908654299E-01   -0.1225544445E+00   -0.7245464681E-03    0.5007822115E+01
           6    0.1481277174E+01   -0.3312504292E+00    0.1755358674E+00    0.5633357965E-01   -0.8994677269E-01   -0.2757701781E-03   -0.5696315695E-03
           7    0.1487226477E+01   -0.3317728364E+00    0.1770496870E+00    0.5793011811E-01   -0.9860026734E-01   -0.5767201574E-03    0.3390775567E-03
           8    0.1482601692E+01   -0.3311488443E+00    0.1756239331E+00    0.5788825004E-01   -0.9194093240E-01    0.1195779668E-02   -0.5395829691E-03
           9    0.1482601692E+01   -0.3311488443E+00    0.1756239331E+00    0.5788825004E-01   -0.9194093240E-01   -0.5395829691E-03   -0.1195779668E-02
          10    0.1482601692E+01   -0.3311488443E+00    0.1756239331E+00    0.5788825004E-01   -0.9194093240E-01   -0.5395829691E-03    0.1195779668E-02
          11    0.1482601692E+01   -0.3311488443E+00    0.1756239331E+00    0.5788825004E-01   -0.9194093240E-01   -0.1195779668E-02   -0.5395829691E-03
          12    0.1493859405E+01   -0.3306407784E+00    0.1744671184E+00    0.5928995690E-01   -0.1226605074E+00   -0.6661483731E-03    0.4898543290E+01
          13    0.1480757590E+01   -0.3311009801E+00    0.1755495272E+00    0.5638422893E-01   -0.8985816254E-01    0.2740144826E-03   -0.5700339793E-03
          14    0.1483529371E+01   -0.3319342532E+00    0.1746888783E+00    0.5616075270E-01   -0.8948716109E-01   -0.2756807324E-03   -0.6096930652E-03
          15    0.1493092183E+01   -0.3309261509E+00    0.1797118955E+00    0.5972549791E-01   -0.1243750420E+00   -0.6623504910E-03    0.3354159432E+01
          16    0.1495799069E+01   -0.3317185603E+00    0.1787724506E+00    0.5952742506E-01   -0.1241110671E+00   -0.7162011355E-03    0.3395932437E+01
          17    0.1483634423E+01   -0.3291294899E+00    0.1744603503E+00    0.5975136564E-01   -0.1081956886E+00   -0.5625729122E-03   -0.3087009283E-02
          18    0.1489497920E+01   -0.3324620058E+00    0.1761908364E+00    0.5776144492E-01   -0.9815452649E-01   -0.6151619075E-03    0.3372422303E-03
          19    0.1483012397E+01   -0.3317853456E+00    0.1747022480E+00    0.5621174701E-01   -0.8940057023E-01    0.2738787765E-03   -0.6100593447E-03
          20    0.1501633353E+01   -0.3324137628E+00    0.1725209439E+00    0.6110301724E-01   -0.1230560436E+00   -0.8061919861E-03    0.1633401101E+01
          21    0.1484758499E+01   -0.3317984751E+00    0.1748049742E+00    0.5773298078E-01   -0.9153897999E-01    0.1189724822E-02   -0.5743174232E-03
          22    0.1484758499E+01   -0.3317984751E+00    0.1748049742E+00    0.5773298078E-01   -0.9153897999E-01   -0.5743174232E-03   -0.1189724822E-02
          23    0.1484758499E+01   -0.3317984751E+00    0.1748049742E+00    0.5773298078E-01   -0.9153897999E-01   -0.1189724822E-02   -0.5743174232E-03
          24    0.1484758499E+01   -0.3317984751E+00    0.1748049742E+00    0.5773298078E-01   -0.9153897999E-01   -0.5743174232E-03    0.1189724822E-02
          25    0.1479306844E+01   -0.3306560130E+00    0.1761660206E+00    0.5666299561E-01   -0.8943978675E-01    0.7440098430E-04   -0.5766544640E-03
          26    0.1484122444E+01   -0.3322168237E+00    0.1748907167E+00    0.5572150760E-01   -0.8823336012E-01   -0.2818224982E-03   -0.6344815879E-03
          27    0.1490239258E+01   -0.3327631178E+00    0.1764350491E+00    0.5734470838E-01   -0.9705991851E-01   -0.6429611049E-03    0.3466829404E-03
          28    0.1467241716E+01   -0.3278928669E+00    0.1927071576E+00    0.5711640389E-01   -0.9973956916E-01   -0.6249539898E-03    0.3879566572E-01
          29    0.1468822924E+01   -0.3279766451E+00    0.1827905101E+00    0.5423812141E-01   -0.9286661174E-01   -0.6278674729E-02   -0.2881565405E-02
          30    0.1483920315E+01   -0.3293104147E+00    0.1751756904E+00    0.5951556686E-01   -0.1088389047E+00   -0.5683876786E-03   -0.3043037449E-02
          31    0.1501450623E+01   -0.3324253067E+00    0.1713852221E+00    0.6121941122E-01   -0.1213994495E+00   -0.8005318146E-03    0.2380495210E+01
          32    0.1485854890E+01   -0.3298023663E+00    0.1736187317E+00    0.5958052431E-01   -0.1077427244E+00   -0.6026646736E-03   -0.3090884092E-02
          33    0.1483594102E+01   -0.3320648812E+00    0.1749016259E+00    0.5577315380E-01   -0.8813957072E-01    0.2800360264E-03   -0.6347798390E-03
          34    0.1487097144E+01   -0.3308395289E+00    0.1773477931E+00    0.5742625979E-01   -0.1070854494E+00   -0.5559348267E-03   -0.1369422119E-02
          35    0.1485585344E+01   -0.3309048913E+00    0.1856302920E+00    0.6021471661E-01   -0.1066927362E+00   -0.6905664089E-03   -0.1101463324E-02
          36    0.1484736502E+01   -0.3308544533E+00    0.1837884253E+00    0.6001762764E-01   -0.1036924475E+00   -0.6499772158E-03   -0.7167587841E-03
          37    0.1506396196E+01   -0.3328436679E+00    0.1887210316E+00    0.5764050367E-01   -0.1156989133E+00   -0.6267127594E-03   -0.9335220636E-01
          38    0.1495597724E+01   -0.3326266161E+00    0.1877687712E+00    0.5646606003E-01   -0.1165912716E+00   -0.6853043257E-03   -0.2032773879E-02
          39    0.1475450038E+01   -0.3296931840E+00    0.1870775135E+00    0.5380173746E-01   -0.1035428169E+00   -0.6285050838E-03   -0.2713482017E-02
          40    0.1495268893E+01   -0.3335274806E+00    0.1726753666E+00    0.5850723183E-01   -0.9691823200E-01   -0.3906794327E-03    0.3446513293E-03
          41    0.1510698927E+01   -0.3339984708E+00    0.1886485485E+00    0.5694559598E-01   -0.1147504813E+00   -0.7126372754E-03   -0.9806861057E-01
          42    0.1489298485E+01   -0.3315058695E+00    0.1765195175E+00    0.5725077010E-01   -0.1066441435E+00   -0.5963036140E-03   -0.1374032870E-02
          43    0.1493584178E+01   -0.3321088246E+00    0.1857037935E+00    0.5565314429E-01   -0.1139446094E+00   -0.6799044623E-03   -0.2129007469E-02
          44    0.1486167181E+01   -0.3299936871E+00    0.1743305116E+00    0.5934209430E-01   -0.1083729535E+00   -0.6082737031E-03   -0.3041590000E-02
          45    0.1489123233E+01   -0.3329699902E+00    0.1712010682E+00    0.5689104362E-01   -0.8820815643E-01   -0.2787663809E-03   -0.3837920974E-03
          46    0.1509055584E+01   -0.3336108754E+00    0.1879043184E+00    0.5743343248E-01   -0.1153105026E+00   -0.6757886252E-03   -0.9419259731E-01
          47    0.1479548317E+01   -0.3308786970E+00    0.1793029528E+00    0.5798477048E-01   -0.9122745658E-01   -0.3376950166E-03   -0.5564739447E-03
          48    0.1479548317E+01   -0.3308786970E+00    0.1793029528E+00    0.5798477048E-01   -0.9122745658E-01    0.3376950166E-03   -0.5564739447E-03
          49    0.1483495034E+01   -0.3304298615E+00    0.1791462898E+00    0.5858994690E-01   -0.1020584656E+00   -0.5849912099E-03    0.1274749986E-03
          50    0.1500526044E+01   -0.3324584734E+00    0.1747940582E+00    0.6128360150E-01   -0.1218488444E+00   -0.8069189787E-03    0.3456405126E+01
          51    0.1501239353E+01   -0.3321724896E+00    0.1694277964E+00    0.6083177417E-01   -0.1198894022E+00   -0.8068933924E-03    0.4996820287E+01
          52    0.1478258351E+01   -0.3308028114E+00    0.1822155548E+00    0.5290006463E-01   -0.9496392004E-01   -0.3912184398E-02   -0.2835235974E-02
          53    0.1481647950E+01   -0.3313532744E+00    0.1753163530E+00    0.5651196706E-01   -0.8910145049E-01    0.7368744460E-04   -0.6134365577E-03
          54    0.1494757480E+01   -0.3313733946E+00    0.1867763540E+00    0.5973201263E-01   -0.1071802696E+00   -0.6607766523E-03   -0.1575266958E+00
          55    0.1497476508E+01   -0.3319971997E+00    0.1768651947E+00    0.5890955655E-01   -0.1237636021E+00   -0.7272899197E-03    0.1570306528E+01
          56    0.1477898342E+01   -0.3304424881E+00    0.1861889710E+00    0.5359250422E-01   -0.1030470611E+00   -0.6753298967E-03   -0.2721196484E-02
          57    0.1516251361E+01   -0.3348489431E+00    0.1844584685E+00    0.5823065527E-01   -0.1145455473E+00   -0.4349070325E-03   -0.9783639768E-01
          58    0.1488603641E+01   -0.3328199471E+00    0.1712119136E+00    0.5694325540E-01   -0.8811989829E-01    0.2769267583E-03   -0.3839561303E-03
          59    0.1491423641E+01   -0.3307889193E+00    0.1701161429E+00    0.6034964550E-01   -0.1067266032E+00   -0.3819076739E-03   -0.3155302345E-02
          60    0.1488174407E+01   -0.3319326601E+00    0.1884059336E+00    0.5859373107E-01   -0.1098392974E+00   -0.6007095448E-03   -0.2444451788E-01
          61    0.1497340861E+01   -0.3320111816E+00    0.1757428984E+00    0.5903642306E-01   -0.1221921389E+00   -0.7230461206E-03    0.2292215922E+01
          62    0.1485414679E+01   -0.3320620380E+00    0.1749525889E+00    0.5739167836E-01   -0.9057299928E-01   -0.5855689622E-03   -0.1192406881E-02
          63    0.1485414679E+01   -0.3320620380E+00    0.1749525889E+00    0.5739167836E-01   -0.9057299928E-01   -0.5855689622E-03    0.1192406881E-02
          64    0.1485414679E+01   -0.3320620380E+00    0.1749525889E+00    0.5739167836E-01   -0.9057299928E-01    0.1192406881E-02   -0.5855689622E-03
          65    0.1485414679E+01   -0.3320620380E+00    0.1749525889E+00    0.5739167836E-01   -0.9057299928E-01   -0.1192406881E-02   -0.5855689622E-03
          66    0.1482191480E+01   -0.3316242044E+00    0.1755213638E+00    0.5607288966E-01   -0.8779113089E-01    0.7550829082E-04   -0.6387344615E-03
          67    0.1503179351E+01   -0.3328702617E+00    0.1726187044E+00    0.6021641069E-01   -0.1235409001E+00   -0.4440300708E-03    0.1566973404E+01
          68    0.1486528611E+01   -0.3300650469E+00    0.1737997808E+00    0.5922225846E-01   -0.1068134867E+00   -0.6187093858E-03   -0.3111029523E-02
          69    0.1480620790E+01   -0.3314173587E+00    0.1774117581E+00    0.5667564318E-01   -0.8861754710E-01    0.3925632731E-04   -0.5803876002E-03
          70    0.1481774826E+01   -0.3315485142E+00    0.1784583219E+00    0.5782084383E-01   -0.9081510909E-01   -0.3363565382E-03   -0.5937216536E-03
          71    0.1481774826E+01   -0.3315485142E+00    0.1784583219E+00    0.5782084383E-01   -0.9081510909E-01    0.3363565382E-03   -0.5937216536E-03
          72    0.1503040960E+01   -0.3328805752E+00    0.1715134740E+00    0.6033784080E-01   -0.1220190257E+00   -0.4420711721E-03    0.2292830849E+01
          73    0.1478476716E+01   -0.3307913054E+00    0.1791927858E+00    0.5733462679E-01   -0.9025851809E-01    0.1217555582E-03   -0.5524048450E-03
          74    0.1491794020E+01   -0.3309943221E+00    0.1708112540E+00    0.6011308099E-01   -0.1073563971E+00   -0.3853287843E-03   -0.3103711405E-02
          75    0.1496475851E+01   -0.3320404035E+00    0.1790795393E+00    0.5908207979E-01   -0.1227757426E+00   -0.7323468997E-03    0.3350779518E+01
          76    0.1485819835E+01   -0.3311367505E+00    0.1782693968E+00    0.5841529610E-01   -0.1015962924E+00   -0.6238854189E-03    0.1265858912E-03
          77    0.1490542383E+01   -0.3326525626E+00    0.1875182558E+00    0.5840952617E-01   -0.1093566026E+00   -0.6436462665E-03   -0.2443071741E-01
          78    0.1470219313E+01   -0.3287318698E+00    0.1913810292E+00    0.5698202541E-01   -0.9936829585E-01   -0.6590790219E-03    0.3769022571E-01
          79    0.1513867076E+01   -0.3343526701E+00    0.1843389816E+00    0.5904920474E-01   -0.1130737149E+00   -0.7613023096E-03   -0.9630793453E-01
          80    0.1494848016E+01   -0.3325146081E+00    0.1731137176E+00    0.5797143941E-01   -0.1055863970E+00   -0.3757942581E-03   -0.1394833462E-02
          81    0.1489990619E+01   -0.3317767032E+00    0.1767125822E+00    0.5687951001E-01   -0.1057180437E+00   -0.6122788545E-03   -0.1384584471E-02
          82    0.1487401134E+01   -0.3325538566E+00    0.1712755820E+00    0.5764472155E-01   -0.8734606788E-01   -0.2729978871E-03   -0.6667918740E-03
          83    0.1478087223E+01   -0.3309332177E+00    0.1792770833E+00    0.5673150251E-01   -0.8853828401E-01    0.4786267627E-04   -0.5779607067E-03
          84    0.1486848599E+01   -0.3302602215E+00    0.1745217044E+00    0.5897840175E-01   -0.1074408725E+00   -0.6246688914E-03   -0.3061137671E-02
          85    0.1493362714E+01   -0.3330860683E+00    0.1727332808E+00    0.5924220218E-01   -0.9589396640E-01   -0.6756561261E-03    0.3353114470E-03
          86    0.1489663890E+01   -0.3304126069E+00    0.1701969234E+00    0.6103496806E-01   -0.1055069965E+00   -0.6659422643E-03   -0.3103512959E-02
          87    0.1497232814E+01   -0.3321592955E+00    0.1857265899E+00    0.5951886903E-01   -0.1066372982E+00   -0.7046411571E-03   -0.1555329414E+00
          88    0.1502202557E+01   -0.3329184992E+00    0.1748011611E+00    0.6039592986E-01   -0.1225247698E+00   -0.4467545014E-03    0.3338492232E+01
          89    0.1487990803E+01   -0.3293180994E+00    0.1726814173E+00    0.6028485836E-01   -0.1140799311E+00   -0.6220586862E-02    0.1519539718E+01
          90    0.1476789582E+01   -0.3303325921E+00    0.1824418852E+00    0.5374067015E-01   -0.9597688413E-01   -0.4233959404E-02   -0.2798101849E-02
          91    0.1476789582E+01   -0.3303325921E+00    0.1824418852E+00    0.5374067015E-01   -0.9597688413E-01    0.4233959404E-02   -0.2798101849E-02
          92    0.1486891681E+01   -0.3324067630E+00    0.1712881048E+00    0.5769622802E-01   -0.8726045347E-01    0.2712071015E-03   -0.6673192310E-03
          93    0.1482332699E+01   -0.3318164307E+00    0.1787035112E+00    0.5743626727E-01   -0.8962777951E-01   -0.3429958756E-03   -0.6149223660E-03
          94    0.1482332699E+01   -0.3318164307E+00    0.1787035112E+00    0.5743626727E-01   -0.8962777951E-01    0.3429958756E-03   -0.6149223660E-03
          95    0.1497039859E+01   -0.3317653210E+00    0.1739286257E+00    0.5864584326E-01   -0.1206306040E+00   -0.7263018544E-03    0.4776569409E+01
          96    0.1477168368E+01   -0.3304189138E+00    0.1816063766E+00    0.5445330703E-01   -0.9407403265E-01   -0.3052912850E-02   -0.2765015486E-02
          97    0.1480681600E+01   -0.3314560741E+00    0.1783571937E+00    0.5717198880E-01   -0.8983580196E-01    0.1214359476E-03   -0.5898688173E-03
          98    0.1487304870E+01   -0.3316373941E+00    0.1826746148E+00    0.5978486181E-01   -0.1032147978E+00   -0.6843798659E-03   -0.6919267693E-03
          99    0.1487260371E+01   -0.3323882820E+00    0.1718177310E+00    0.5725569703E-01   -0.8783945737E-01    0.7434639710E-04   -0.3853714735E-03
         100    0.1490011473E+01   -0.3327551192E+00    0.1715363970E+00    0.5846045800E-01   -0.9055554015E-01    0.1174861859E-02   -0.3519457640E-03
