        Rank        RMSE       MaxAE  Feature_ID
           1    0.023131    0.056944  (       1      22      47      61      81)
           2    0.023223    0.056030  (       1      22      47      61      82)
           3    0.023249    0.063994  (       1      22      47      61      83)
           4    0.023407    0.070873  (       1      22      47      61      89)
           5    0.023407    0.070873  (       1      22      47      61      88)
           6    0.023440    0.055402  (       1      22      47      61      85)
           7    0.023444    0.063042  (       1      22      47      61      91)
           8    0.023465    0.056353  (       1      22      47      61      84)
           9    0.023466    0.058960  (       1      22      47      61      99)
          10    0.023518    0.058882  (       1      22      47      61      94)
          11    0.023524    0.056339  (       1      22      47      61      86)
          12    0.023532    0.054897  (       1      22      47      61      95)
          13    0.023547    0.056895  (       1      22      47      61      87)
          14    0.023555    0.057105  (       1      22      47      61      90)
          15    0.023566    0.055997  (       1      22      47      61      92)
          16    0.023566    0.055997  (       1      22      47      61      93)
          17    0.023579    0.055718  (       1      22      47      61      97)
          18    0.023579    0.055718  (       1      22      47      61      96)
          19    0.023592    0.054939  (       1      22      47      61      98)
          20    0.023634    0.056448  (       1      22      47      61     100)
          21    0.023639    0.062878  (       1      22      47      61      63)
          22    0.023639    0.062878  (       1      22      47      61      62)
          23    0.024128    0.064440  (       1      22      47      61      68)
          24    0.024183    0.064580  (       1      22      47      61      73)
          25    0.024196    0.063889  (       1      22      47      61      77)
          26    0.024196    0.063889  (       1      22      47      61      76)
          27    0.024249    0.063127  (       1      22      47      61      64)
          28    0.024407    0.070602  (       1      22      47      61      79)
          29    0.024619    0.070129  (       1      22      47      61      75)
          30    0.024702    0.076483  (       1      22      47      61      80)
          31    0.024721    0.062237  (       1      22      49      61      81)
          32    0.024730    0.071932  (       1      22      47      61      71)
          33    0.024847    0.067849  (       1      22      32      51      61)
          34    0.024851    0.062269  (       1      22      49      61      91)
          35    0.024866    0.078711  (       1      22      47      61      70)
          36    0.024866    0.078711  (       1      22      47      61      69)
          37    0.024898    0.086701  (       1      22      47      62      72)
          38    0.024898    0.086701  (       1      22      47      63      72)
          39    0.024905    0.062734  (       1      22      49      61      82)
          40    0.025054    0.063347  (       1      22      49      61      83)
          41    0.025081    0.087006  (       1      22      47      64      72)
          42    0.025130    0.084026  (       1      22      47      68      72)
          43    0.025150    0.084051  (       1      22      47      72      73)
          44    0.025164    0.078430  (       1      22      53      61      68)
          45    0.025168    0.088117  (       1      22      47      72      80)
          46    0.025169    0.076874  (       1      22      44      61      68)
          47    0.025204    0.078365  (       1      22      53      61      73)
          48    0.025210    0.090006  (       1      22      47      70      72)
          49    0.025210    0.090006  (       1      22      47      69      72)
          50    0.025214    0.076808  (       1      22      44      61      73)
          51    0.025231    0.062457  (       1      22      49      61      99)
          52    0.025261    0.079013  (       1      22      56      61      68)
          53    0.025280    0.063455  (       1      22      51      57      61)
          54    0.025283    0.071587  (       1      22      47      51      61)
          55    0.025307    0.087337  (       1      22      47      71      72)
          56    0.025313    0.078957  (       1      22      56      61      73)
          57    0.025356    0.069520  (       1      22      49      61      89)
          58    0.025356    0.069520  (       1      22      49      61      88)
          59    0.025362    0.063523  (       1      22      49      61      94)
          60    0.025367    0.087163  (       1      22      47      72      77)
          61    0.025367    0.087163  (       1      22      47      72      76)
          62    0.025371    0.070066  (       1      22      47      61      78)
          63    0.025411    0.072339  (       1      22      51      56      61)
          64    0.025414    0.062726  (       1      22      47      72      87)
          65    0.025418    0.071963  (       1      22      51      53      61)
          66    0.025426    0.086523  (       1      22      47      72      79)
          67    0.025444    0.077163  (       1      22      32      44      79)
          68    0.025445    0.073593  (       1      22      44      51      61)
          69    0.025455    0.066007  (       1      22      49      61      85)
          70    0.025456    0.068040  (       1      22      49      61      97)
          71    0.025456    0.068040  (       1      22      49      61      96)
          72    0.025467    0.070392  (       1      22      47      72      74)
          73    0.025476    0.066685  (       1      22      47      61      74)
          74    0.025488    0.077634  (       1      22      32      53      79)
          75    0.025496    0.069734  (       1      22      49      61      92)
          76    0.025496    0.069734  (       1      22      49      61      93)
          77    0.025511    0.077972  (       1      22      53      61      80)
          78    0.025517    0.076375  (       1      22      44      61      80)
          79    0.025531    0.065892  (       1      22      49      61      87)
          80    0.025538    0.064073  (       1      22      49      61      63)
          81    0.025538    0.064073  (       1      22      49      61      62)
          82    0.025544    0.079005  (       1      22      53      61      62)
          83    0.025544    0.079005  (       1      22      53      61      63)
          84    0.025545    0.069693  (       1      22      49      61      90)
          85    0.025552    0.071083  (       1      22      49      61      84)
          86    0.025557    0.070003  (       1      22      49      61      86)
          87    0.025568    0.077098  (       1      22      32      56      79)
          88    0.025571    0.070362  (       1      22      49      61      98)
          89    0.025571    0.077838  (       1      22      53      61      79)
          90    0.025586    0.079086  (       1      22      44      57      79)
          91    0.025591    0.076352  (       1      22      32      44      73)
          92    0.025591    0.077492  (       1      22      44      61      62)
          93    0.025591    0.077492  (       1      22      44      61      63)
          94    0.025593    0.076282  (       1      22      32      44      68)
          95    0.025599    0.069405  (       1      22      49      61     100)
          96    0.025609    0.079810  (       1      22      44      57      71)
          97    0.025618    0.079575  (       1      22      56      61      62)
          98    0.025618    0.079575  (       1      22      56      61      63)
          99    0.025620    0.078568  (       1      22      56      61      80)
         100    0.025629    0.078322  (       1      22      53      61      71)
