        Rank        RMSE       MaxAE  Feature_ID
           1    0.028158    0.074638  (       1      22      47      61)
           2    0.028619    0.079579  (       1      22      44      80)
           3    0.028637    0.080469  (       1      22      44      69)
           4    0.028637    0.080469  (       1      22      44      70)
           5    0.028739    0.080447  (       1      22      44      71)
           6    0.028767    0.078552  (       1      22      44      68)
           7    0.028773    0.078632  (       1      22      44      73)
           8    0.028827    0.076449  (       1      22      47      75)
           9    0.028986    0.070703  (       1      22      51      61)
          10    0.029032    0.080291  (       1      22      53      80)
          11    0.029046    0.081195  (       1      22      53      69)
          12    0.029046    0.081195  (       1      22      53      70)
          13    0.029049    0.079548  (       1      22      56      80)
          14    0.029083    0.080443  (       1      22      56      70)
          15    0.029083    0.080443  (       1      22      56      69)
          16    0.029123    0.079773  (       1      22      44      79)
          17    0.029129    0.081160  (       1      22      53      71)
          18    0.029135    0.080426  (       1      22      56      71)
          19    0.029199    0.079332  (       1      22      53      73)
          20    0.029201    0.079250  (       1      22      53      68)
          21    0.029202    0.078511  (       1      22      56      68)
          22    0.029214    0.078592  (       1      22      56      73)
          23    0.029333    0.088882  (       1      22      44      64)
          24    0.029457    0.080483  (       1      22      53      79)
          25    0.029496    0.079746  (       1      22      56      79)
          26    0.029527    0.073230  (       1      22      49      61)
          27    0.029550    0.064111  (       1      24      60      80)
          28    0.029597    0.083735  (       1      22      47      62)
          29    0.029597    0.083735  (       1      22      47      63)
          30    0.029610    0.080329  (       1      22      47      68)
          31    0.029625    0.080355  (       1      22      47      73)
          32    0.029628    0.084103  (       1      22      47      64)
          33    0.029649    0.063408  (       1      25      60      80)
          34    0.029662    0.087903  (       1      22      47      70)
          35    0.029662    0.087903  (       1      22      47      69)
          36    0.029662    0.068220  (       1      22      47      78)
          37    0.029668    0.069373  (       1      22      47      74)
          38    0.029675    0.072019  (       1      22      47      66)
          39    0.029704    0.084505  (       1      22      47      71)
          40    0.029707    0.083451  (       1      22      47      79)
          41    0.029717    0.063337  (       1      24      60      62)
          42    0.029717    0.063337  (       1      24      60      63)
          43    0.029724    0.088401  (       1      22      56      64)
          44    0.029726    0.085491  (       1      22      47      80)
          45    0.029744    0.065920  (       1      22      47      67)
          46    0.029746    0.076254  (       1      22      47      65)
          47    0.029749    0.089354  (       1      22      53      64)
          48    0.029756    0.091732  (       1      22      44      62)
          49    0.029756    0.091732  (       1      22      44      63)
          50    0.029769    0.098844  (       1      22      47      72)
          51    0.029790    0.065232  (       1      22      44      75)
          52    0.029798    0.062638  (       1      25      60      63)
          53    0.029798    0.062638  (       1      25      60      62)
          54    0.029816    0.078272  (       1      22      57      79)
          55    0.029829    0.084265  (       1      22      47      77)
          56    0.029829    0.084265  (       1      22      47      76)
          57    0.029834    0.089273  (       1      22      44      77)
          58    0.029834    0.089273  (       1      22      44      76)
          59    0.029896    0.063942  (       1      24      60      71)
          60    0.029959    0.068103  (       1      24      54      62)
          61    0.029959    0.068103  (       1      24      54      63)
          62    0.029981    0.068935  (       1      24      54      80)
          63    0.029987    0.067389  (       1      25      54      62)
          64    0.029987    0.067389  (       1      25      54      63)
          65    0.029988    0.063230  (       1      25      60      71)
          66    0.030003    0.077363  (       1      22      55      72)
          67    0.030010    0.063706  (       1      24      60      79)
          68    0.030026    0.068217  (       1      25      54      80)
          69    0.030121    0.062924  (       1      24      60      69)
          70    0.030121    0.062924  (       1      24      60      70)
          71    0.030126    0.064524  (       1      25      60      79)
          72    0.030134    0.091278  (       1      22      56      63)
          73    0.030134    0.091278  (       1      22      56      62)
          74    0.030150    0.088802  (       1      22      56      76)
          75    0.030150    0.088802  (       1      22      56      77)
          76    0.030166    0.092209  (       1      22      53      63)
          77    0.030166    0.092209  (       1      22      53      62)
          78    0.030174    0.065165  (       1      22      56      75)
          79    0.030176    0.076271  (       1      22      32      51)
          80    0.030179    0.083029  (       1      22      60      80)
          81    0.030192    0.062239  (       1      25      60      70)
          82    0.030192    0.062239  (       1      25      60      69)
          83    0.030194    0.068203  (       1      24      60      73)
          84    0.030195    0.081585  (       1      22      57      71)
          85    0.030196    0.089760  (       1      22      53      76)
          86    0.030196    0.089760  (       1      22      53      77)
          87    0.030211    0.065381  (       1      22      53      75)
          88    0.030229    0.068739  (       1      24      54      71)
          89    0.030231    0.063793  (       1      24      60      64)
          90    0.030245    0.081627  (       1      22      57      68)
          91    0.030255    0.096902  (       1      22      49      72)
          92    0.030260    0.081605  (       1      22      57      73)
          93    0.030261    0.083983  (       1      22      60      71)
          94    0.030263    0.083517  (       1      22      54      80)
          95    0.030266    0.084523  (       1      22      54      71)
          96    0.030268    0.068012  (       1      25      54      71)
          97    0.030278    0.068354  (       1      24      60      68)
          98    0.030280    0.081923  (       1      22      53      61)
          99    0.030314    0.063080  (       1      25      60      64)
         100    0.030329    0.069753  (       1      25      60      73)
