Model_ID, [(c_i,i=0,n)_j,j=1,ntask]
           1    0.1446813615E+01   -0.3279888077E+00    0.1554967696E+00    0.6706131392E-01
           2    0.1457413489E+01   -0.3256368594E+00    0.1729913331E+00   -0.7031301934E+00
           3    0.1442536554E+01   -0.3213380303E+00    0.1690778396E+00   -0.1348024903E+01
           4    0.1448398358E+01   -0.3223094308E+00    0.1668567478E+00   -0.1457019995E+01
           5    0.1372703368E+01   -0.3289923254E+00    0.2033929591E+00    0.1179844062E+00
           6    0.1459607005E+01   -0.3261225708E+00    0.1694355970E+00   -0.7121688468E+00
           7    0.1373950947E+01   -0.3284422590E+00    0.2025894956E+00    0.8835125243E-01
           8    0.1419302083E+01   -0.3252318664E+00    0.1847258175E+00    0.7377880615E-01
           9    0.1456243175E+01   -0.3272456850E+00    0.1608969330E+00   -0.7988258337E-01
          10    0.1378528080E+01   -0.3296810755E+00    0.2069029950E+00    0.3350380242E+00
          11    0.1450161130E+01   -0.3239982469E+00    0.1760798478E+00   -0.5199666523E+00
          12    0.1539883343E+01   -0.3462593488E+00    0.1109747286E+00   -0.1524494739E+01
          13    0.1547422835E+01   -0.3483136140E+00    0.1114064411E+00   -0.1520343615E+01
          14    0.1413107228E+01   -0.3233466800E+00    0.1851961871E+00    0.3489030885E-01
          15    0.1451775267E+01   -0.3294081403E+00    0.1628429506E+00    0.2270750331E-01
          16    0.1492131617E+01   -0.3352668613E+00    0.1819022257E+00   -0.3526232887E-01
          17    0.1414786425E+01   -0.3241217607E+00    0.1855444042E+00    0.4087491765E-01
          18    0.1477101293E+01   -0.3295998872E+00    0.1383534372E+00   -0.5900920595E-02
          19    0.1545578415E+01   -0.3470987498E+00    0.1086719776E+00   -0.1630385922E+01
          20    0.1552874049E+01   -0.3490911863E+00    0.1091989029E+00   -0.1628426343E+01
          21    0.1444356275E+01   -0.3300148790E+00    0.1702972748E+00    0.2191659166E-01
          22    0.1396465050E+01   -0.3347468424E+00    0.2000652443E+00    0.1189494408E+00
          23    0.1448911726E+01   -0.3299315226E+00    0.1684688062E+00    0.2089247550E-01
          24    0.1567313614E+01   -0.3539611876E+00    0.1136690206E+00   -0.7869565185E+00
          25    0.1439407170E+01   -0.3264093772E+00    0.1918934436E+00    0.1192113712E+00
          26    0.1560006195E+01   -0.3519512480E+00    0.1126446831E+00   -0.7823605836E+00
          27    0.1425666925E+01   -0.3362396629E+00    0.1851021175E+00    0.9669255498E+01
          28    0.1454433710E+01   -0.3486228575E+00    0.2546695472E+00    0.1041152035E+02
          29    0.1567975414E+01   -0.3539752004E+00    0.1096343750E+00   -0.7801736756E+00
          30    0.1560873889E+01   -0.3520237574E+00    0.1087528906E+00   -0.7769301523E+00
          31    0.1478029984E+01   -0.3387175810E+00    0.2040088472E+00    0.6702709949E-01
          32    0.1486885317E+01   -0.3335800289E+00    0.1365277245E+00   -0.1090423924E+02
          33    0.1486662138E+01   -0.3334895863E+00    0.1362526611E+00   -0.1089707726E+02
          34    0.1471930146E+01   -0.3301079758E+00    0.1337378343E+00   -0.7104185912E-01
          35    0.1497941335E+01   -0.3627063443E+00    0.1329692959E+00    0.9587093236E-01
          36    0.8642415133E+00   -0.2345961826E+00    0.2068575813E+01    0.1016659690E+00
          37    0.1475096921E+01   -0.3326563166E+00    0.1358844294E+00   -0.7961550574E-01
          38    0.1487258460E+01   -0.3323712297E+00    0.1300193528E+00   -0.2071401057E-02
          39    0.1449323906E+01   -0.3361791845E+00    0.2453511995E+00    0.3429768542E-01
          40    0.1506321021E+01   -0.3372841017E+00    0.1738415923E+00    0.6772020692E-01
          41    0.1484687558E+01   -0.3326184311E+00    0.1343695774E+00   -0.1523619701E-02
          42    0.8674673087E+00   -0.2344535785E+00    0.2040925809E+01    0.1002505222E+00
          43    0.1548196976E+01   -0.3538200226E+00    0.9543513463E-01    0.6902000059E-01
          44    0.1541940735E+01   -0.3520979842E+00    0.9483695178E-01    0.6896167123E-01
          45    0.1484744765E+01   -0.3269088657E+00    0.1268636276E+00   -0.3152016448E+00
          46    0.1457766953E+01   -0.3383883688E+00    0.2417748118E+00    0.7042458894E-01
          47    0.3034785327E+00    0.2705815633E+01    0.1311919668E+00    0.8688414986E-01
          48    0.3095396639E+00    0.2666795204E+01    0.1318757638E+00    0.8658969780E-01
          49    0.1531026662E+01   -0.3377382858E+00    0.1525669414E+00   -0.6102570696E-02
          50    0.1452244046E+01   -0.3371683234E+00    0.2444485119E+00    0.3959057660E-01
          51    0.1563839244E+01   -0.3532587118E+00    0.1115449848E+00   -0.5441801237E+00
          52    0.1557101197E+01   -0.3565219430E+00    0.1018148515E+00    0.2377063942E-01
          53    0.1556579310E+01   -0.3512718299E+00    0.1107247067E+00   -0.5422559413E+00
          54    0.1534916318E+01   -0.3392251037E+00   -0.2269621716E-02    0.1479511187E+00
          55    0.1573658022E+01   -0.3580690040E+00   -0.1212441392E+02    0.1534052154E+00
          56    0.1566764515E+01   -0.3544666915E+00   -0.6256144606E-02    0.1507158806E+00
          57    0.1574134705E+01   -0.3582291158E+00   -0.1212096114E+02    0.1536578276E+00
          58    0.1485185417E+01   -0.3325932788E+00    0.1329772673E+00   -0.1812138843E-02
          59    0.1550582239E+01   -0.3547020460E+00    0.1009801633E+00    0.2366464788E-01
          60    0.1555408757E+01   -0.3537525769E+00   -0.7926847034E-01    0.1502436830E+00
          61    0.1524272992E+01   -0.3399753313E+00    0.1548668052E+00   -0.8689555713E-01
          62    0.1564029892E+01   -0.3485278049E+00   -0.3581390793E+00    0.1430560103E+00
          63    0.1490873418E+01   -0.3342536696E+00    0.1324723129E+00   -0.7365018821E-03
          64    0.1507695982E+01   -0.3318159092E+00    0.1892095591E+00   -0.1322086033E+01
          65    0.1480412432E+01   -0.3421324731E+00    0.2212634802E+00    0.2088339606E-01
          66    0.1538836116E+01   -0.3413495731E+00    0.1531746048E+00   -0.1163167789E+02
          67    0.1538484311E+01   -0.3412318703E+00    0.1528447279E+00   -0.1162991421E+02
          68    0.1513057344E+01   -0.3327228112E+00    0.1860033067E+00   -0.1425215088E+01
          69    0.1569003087E+01   -0.3522898639E+00    0.8220486697E-01   -0.6123366473E-02
          70    0.1495330508E+01   -0.3603489719E+00    0.1280847716E+00    0.8951947332E-01
          71    0.1503560251E+01   -0.3633732661E+00    0.1290432301E+00    0.1188740707E+00
          72    0.1490072529E+01   -0.3336742343E+00    0.1311074095E+00   -0.1800797222E-02
          73    0.1533225204E+01   -0.3394465683E+00    0.1524925504E+00   -0.2021099904E-02
          74    0.1548096864E+01   -0.3565415072E+00    0.1694085363E+00    0.6772394349E-01
          75    0.1534488498E+01   -0.3398829944E+00    0.1523203746E+00   -0.1662232294E-02
          76    0.9099026646E+00   -0.2344424390E+00    0.1655996501E+01    0.1518766005E+00
          77    0.1481458467E+01   -0.3345029278E+00    0.2156507324E+00   -0.1236246918E+01
          78    0.1531506288E+01   -0.3542366541E+00    0.1150586279E+00    0.7426285028E-01
          79    0.1558352780E+01   -0.3581357720E+00    0.1050203276E+00    0.2152163911E-01
          80    0.1541156568E+01   -0.3446665235E+00    0.1201622168E+00   -0.7802066450E-01
          81    0.1539314077E+01   -0.3563469304E+00    0.1155524030E+00    0.7405459103E-01
          82    0.1563934164E+01   -0.3508396469E+00    0.8124267965E-01   -0.6090299963E-02
          83    0.1487185322E+01   -0.3353920123E+00    0.2118344941E+00   -0.1327462786E+01
          84    0.1551610633E+01   -0.3562542004E+00    0.1041705652E+00    0.2141653353E-01
          85    0.1572107021E+01   -0.3533411023E+00   -0.2268904004E-02    0.7912965707E-01
          86    0.1562746373E+01   -0.3547592358E+00    0.8354361472E-01   -0.8720641242E-01
          87    0.1557280814E+01   -0.3532497969E+00    0.8299319780E-01   -0.8713896895E-01
          88    0.1525315952E+01   -0.3523839359E+00    0.1155750585E+00    0.3524830155E-01
          89    0.1562395213E+01   -0.3542038957E+00    0.9780497060E-01   -0.7995110321E-01
          90    0.1509146562E+01   -0.3402638608E+00    0.1917945332E+00    0.2170062276E-01
          91    0.1519520794E+01   -0.3373532037E+00    0.1776576524E+00   -0.7784627370E-01
          92    0.1567128073E+01   -0.3519263050E+00   -0.2261209608E-02    0.7832320744E-01
          93    0.1538072074E+01   -0.3405182724E+00    0.1497503233E+00   -0.2017064877E-02
          94    0.1533262343E+01   -0.3545206940E+00    0.1159937408E+00    0.3509463987E-01
          95    0.1572198240E+01   -0.3543990403E+00    0.8240095264E-01   -0.1675281418E-02
          96    0.1527549500E+01   -0.3532674448E+00    0.1155229769E+00    0.4105542139E-01
          97    0.1582601207E+01   -0.3371419869E+00   -0.1267552899E-02    0.6498082277E-01
          98    0.1571246532E+01   -0.3554797426E+00   -0.2273276024E-02    0.1416384478E+00
          99    0.1489441090E+01   -0.3415577439E+00    0.2070440704E+00    0.2084193247E-01
         100    0.1566915145E+01   -0.3529206252E+00    0.8169817614E-01   -0.1670810733E-02
