        Rank        RMSE       MaxAE  Feature_ID
           1    0.015964    0.040600  (       1      22      47      61      82     104     121)
           2    0.016052    0.040241  (       1      22      47      61      82     106     121)
           3    0.016192    0.041490  (       1      22      47      61      81     118     135)
           4    0.016218    0.041878  (       1      22      47      61      81     118     131)
           5    0.016239    0.039011  (       1      22      47      61      82     104     122)
           6    0.016266    0.039915  (       1      22      47      61      82     104     125)
           7    0.016280    0.040813  (       1      22      47      61      81     120     131)
           8    0.016283    0.039477  (       1      22      47      61      81     104     122)
           9    0.016285    0.038873  (       1      22      47      61      82     104     128)
          10    0.016291    0.039902  (       1      22      47      61      82     104     124)
          11    0.016291    0.040459  (       1      22      47      61      81     120     135)
          12    0.016293    0.041773  (       1      22      47      61      81     106     135)
          13    0.016295    0.041865  (       1      22      47      61      81     104     131)
          14    0.016296    0.042165  (       1      22      47      61      81     106     131)
          15    0.016304    0.039343  (       1      22      47      61      82     104     127)
          16    0.016307    0.037181  (       1      22      47      61      82     106     128)
          17    0.016308    0.041483  (       1      22      47      61      81     104     135)
          18    0.016311    0.040356  (       1      22      47      61      81     104     124)
          19    0.016312    0.040246  (       1      22      47      61      82     106     125)
          20    0.016314    0.041055  (       1      22      47      61      81     104     121)
          21    0.016317    0.039339  (       1      22      47      61      82     106     122)
          22    0.016327    0.040780  (       1      22      47      61      95     104     121)
          23    0.016329    0.036858  (       1      22      47      61      81     104     130)
          24    0.016331    0.035657  (       1      22      47      61      81     120     130)
          25    0.016334    0.040365  (       1      22      47      61      81     104     125)
          26    0.016346    0.039804  (       1      22      47      61      81     104     127)
          27    0.016349    0.039796  (       1      22      47      61      81     106     122)
          28    0.016350    0.040251  (       1      22      47      61      82     120     131)
          29    0.016356    0.040973  (       1      22      47      61      82     118     135)
          30    0.016365    0.038831  (       1      22      47      61      82     104     136)
          31    0.016367    0.040687  (       1      22      47      61      81     106     125)
          32    0.016367    0.039633  (       1      22      47      61      82     106     127)
          33    0.016368    0.039902  (       1      22      47      61      82     120     135)
          34    0.016371    0.039508  (       1      22      47      61      82     104     126)
          35    0.016372    0.040193  (       1      22      47      61      82     106     124)
          36    0.016372    0.037130  (       1      22      47      61      81     106     130)
          37    0.016374    0.040679  (       1      22      47      61      82     104     133)
          38    0.016374    0.044228  (       1      22      47      61      82     104     123)
          39    0.016376    0.040765  (       1      22      47      61      81     104     129)
          40    0.016376    0.041127  (       1      22      47      61      81     104     133)
          41    0.016377    0.040311  (       1      22      47      61      82     104     129)
          42    0.016378    0.041356  (       1      22      47      61      82     118     131)
          43    0.016382    0.040637  (       1      22      47      61      81     106     124)
          44    0.016386    0.035211  (       1      22      47      61      82     120     130)
          45    0.016386    0.040698  (       1      22      47      61      81     106     121)
          46    0.016390    0.041335  (       1      22      47      61      82     104     131)
          47    0.016393    0.039110  (       1      22      47      61      82     106     136)
          48    0.016395    0.039977  (       1      22      47      61      81     104     126)
          49    0.016397    0.040085  (       1      22      47      61      81     106     127)
          50    0.016402    0.041645  (       1      22      47      61      82     106     131)
          51    0.016404    0.041258  (       1      22      47      61      82     106     135)
          52    0.016406    0.040414  (       1      22      47      61      95     106     121)
          53    0.016408    0.040957  (       1      22      47      61      82     104     135)
          54    0.016409    0.036442  (       1      22      47      61      82     104     130)
          55    0.016412    0.039270  (       1      22      47      61      81     104     136)
          56    0.016423    0.041044  (       1      22      47      61      81     106     129)
          57    0.016430    0.039828  (       1      22      47      61      82     106     126)
          58    0.016430    0.039540  (       1      22      47      61      81     106     136)
          59    0.016430    0.041404  (       1      22      47      61      81     106     133)
          60    0.016433    0.039135  (       1      22      47      61      82     104     140)
          61    0.016435    0.040599  (       1      22      47      61      82     106     129)
          62    0.016438    0.040965  (       1      22      47      61      82     106     133)
          63    0.016438    0.039495  (       1      22      47      61      82     104     139)
          64    0.016441    0.040287  (       1      22      47      61      81     106     126)
          65    0.016451    0.037714  (       1      22      47      61      82     120     136)
          66    0.016451    0.040224  (       1      22      47      61      82     104     138)
          67    0.016452    0.037604  (       1      22      47      61      82     104     134)
          68    0.016455    0.038048  (       1      22      47      61      81     104     134)
          69    0.016456    0.038188  (       1      22      47      61      81     104     132)
          70    0.016459    0.037734  (       1      22      47      61      82     104     132)
          71    0.016463    0.036722  (       1      22      47      61      82     106     130)
          72    0.016466    0.044431  (       1      22      47      61      82     106     123)
          73    0.016479    0.039593  (       1      22      47      61      81     104     140)
          74    0.016484    0.038449  (       1      22      47      61      81     106     132)
          75    0.016488    0.038316  (       1      22      47      61      81     106     134)
          76    0.016488    0.043929  (       1      22      47      61      81     104     123)
          77    0.016496    0.037881  (       1      22      47      61      82     106     134)
          78    0.016497    0.038003  (       1      22      47      61      82     106     132)
          79    0.016497    0.039457  (       1      22      47      61      82     106     140)
          80    0.016498    0.036444  (       1      22      47      61      82     120     134)
          81    0.016499    0.039811  (       1      22      47      61      82     106     139)
          82    0.016500    0.041945  (       1      22      47      61      82     118     121)
          83    0.016500    0.041541  (       1      22      47      61      75      95     118)
          84    0.016502    0.039943  (       1      22      47      61      81     104     139)
          85    0.016508    0.040542  (       1      22      47      61      82     106     138)
          86    0.016513    0.049478  (       1      22      47      61      81     103     104)
          87    0.016518    0.040816  (       1      22      47      61      95     104     138)
          88    0.016521    0.038182  (       1      22      47      61      81     120     136)
          89    0.016525    0.036918  (       1      22      47      61      81     120     134)
          90    0.016525    0.044909  (       1      22      47      61      82     104     137)
          91    0.016526    0.041835  (       1      22      47      61      99     118     131)
          92    0.016526    0.041430  (       1      22      47      61      99     118     135)
          93    0.016529    0.039785  (       1      22      47      61      82     120     121)
          94    0.016531    0.039905  (       1      22      47      61      81     106     140)
          95    0.016547    0.036622  (       1      22      47      61      82     120     132)
          96    0.016549    0.049636  (       1      22      47      61      81     103     106)
          97    0.016550    0.040250  (       1      22      47      61      81     106     139)
          98    0.016552    0.039564  (       1      22      47      61      95     104     122)
          99    0.016558    0.040417  (       1      22      47      61      95     104     128)
         100    0.016568    0.044129  (       1      22      47      61      81     106     123)
