        Rank        RMSE       MaxAE  Feature_ID
           1    0.019321    0.054271  (       1      22      47      61      82     104)
           2    0.019359    0.053821  (       1      22      47      61      81     104)
           3    0.019389    0.054473  (       1      22      47      61      82     106)
           4    0.019417    0.054021  (       1      22      47      61      81     106)
           5    0.019426    0.054555  (       1      22      47      61      82     120)
           6    0.019429    0.048006  (       1      22      47      61      68      81)
           7    0.019444    0.051500  (       1      22      47      61      81     101)
           8    0.019458    0.050581  (       1      22      47      61      63      81)
           9    0.019458    0.050581  (       1      22      47      61      81     116)
          10    0.019458    0.050581  (       1      22      47      61      81     115)
          11    0.019458    0.050581  (       1      22      47      61      62      81)
          12    0.019486    0.054097  (       1      22      47      61      81     120)
          13    0.019489    0.049753  (       1      22      47      61      73      81)
          14    0.019543    0.047786  (       1      22      47      61      68      82)
          15    0.019563    0.052522  (       1      22      47      61      81     118)
          16    0.019579    0.052967  (       1      22      47      61      82     118)
          17    0.019591    0.048244  (       1      22      47      61      81     105)
          18    0.019603    0.051272  (       1      22      47      61      82     101)
          19    0.019604    0.049532  (       1      22      47      61      73      82)
          20    0.019610    0.052403  (       1      22      47      61      95     104)
          21    0.019620    0.050371  (       1      22      47      61      63      82)
          22    0.019620    0.050371  (       1      22      47      61      82     116)
          23    0.019620    0.050371  (       1      22      47      61      62      82)
          24    0.019620    0.050371  (       1      22      47      61      82     115)
          25    0.019630    0.049946  (       1      22      47      61      79      81)
          26    0.019632    0.047656  (       1      22      47      61      68      99)
          27    0.019645    0.051224  (       1      22      47      61      99     101)
          28    0.019660    0.052753  (       1      22      47      61      81     114)
          29    0.019662    0.052966  (       1      22      47      61      85     117)
          30    0.019666    0.048242  (       1      22      47      61      81     110)
          31    0.019672    0.052623  (       1      22      47      61      95     106)
          32    0.019690    0.047552  (       1      22      47      61      82     105)
          33    0.019694    0.049441  (       1      22      47      61      73      99)
          34    0.019695    0.050914  (       1      22      47      61      81     107)
          35    0.019718    0.050463  (       1      22      47      61      81     103)
          36    0.019738    0.049262  (       1      22      47      61      81     102)
          37    0.019755    0.044773  (       1      22      47      61      81     109)
          38    0.019757    0.054592  (       1      22      47      61      81     112)
          39    0.019760    0.057185  (       1      22      47      61      81     117)
          40    0.019761    0.052555  (       1      22      47      61      94     101)
          41    0.019772    0.045458  (       1      22      47      61      99     109)
          42    0.019776    0.050235  (       1      22      47      61      82     107)
          43    0.019779    0.054284  (       1      22      47      61      81     108)
          44    0.019779    0.047545  (       1      22      47      61      82     110)
          45    0.019796    0.048998  (       1      22      47      61      68      94)
          46    0.019797    0.045216  (       1      22      47      61      82     109)
          47    0.019799    0.049947  (       1      22      47      61      76      81)
          48    0.019799    0.049947  (       1      22      47      61      77      81)
          49    0.019810    0.051576  (       1      22      47      61      81     113)
          50    0.019811    0.051068  (       1      22      47      61      95     118)
          51    0.019812    0.052701  (       1      22      47      61      95     120)
          52    0.019820    0.058453  (       1      22      47      61      84     117)
          53    0.019821    0.049730  (       1      22      47      61      79      82)
          54    0.019835    0.048239  (       1      22      47      61      81     111)
          55    0.019841    0.054111  (       1      22      47      61      99     104)
          56    0.019847    0.056251  (       1      22      47      61      82     117)
          57    0.019852    0.045450  (       1      22      47      61      94     109)
          58    0.019858    0.050765  (       1      22      47      61      73      94)
          59    0.019859    0.047818  (       1      22      47      61      94     105)
          60    0.019865    0.053491  (       1      22      47      61      81     119)
          61    0.019888    0.054308  (       1      22      47      61      99     106)
          62    0.019896    0.050302  (       1      22      47      61      99     116)
          63    0.019896    0.050302  (       1      22      47      61      99     115)
          64    0.019896    0.050302  (       1      22      47      61      63      99)
          65    0.019896    0.050302  (       1      22      47      61      62      99)
          66    0.019903    0.049640  (       1      22      47      61      79      99)
          67    0.019919    0.054049  (       1      22      47      61      94     104)
          68    0.019923    0.047301  (       1      22      47      61      99     105)
          69    0.019924    0.049690  (       1      22      47      61      80      81)
          70    0.019942    0.049734  (       1      22      47      61      76      82)
          71    0.019942    0.049734  (       1      22      47      61      77      82)
          72    0.019947    0.054243  (       1      22      47      61      94     106)
          73    0.019955    0.050793  (       1      22      47      61      64      81)
          74    0.019957    0.047814  (       1      22      47      61      94     110)
          75    0.019965    0.053472  (       1      22      47      61      99     118)
          76    0.019973    0.051344  (       1      22      47      61      82     113)
          77    0.019976    0.053258  (       1      22      47      61      82     119)
          78    0.019983    0.051917  (       1      22      47      61      82     114)
          79    0.019991    0.045734  (       1      22      47      61      95     109)
          80    0.019997    0.050540  (       1      22      47      61      94     107)
          81    0.020000    0.050004  (       1      22      47      61      99     107)
          82    0.020001    0.048955  (       1      22      47      61      68      95)
          83    0.020011    0.050222  (       1      22      47      61      71      81)
          84    0.020014    0.047293  (       1      22      47      61      99     110)
          85    0.020021    0.052427  (       1      22      47      61      95     101)
          86    0.020023    0.047622  (       1      22      47      61      95     105)
          87    0.020029    0.047994  (       1      22      47      61      82     111)
          88    0.020053    0.053437  (       1      22      47      61      94     118)
          89    0.020055    0.045179  (       1      22      47      61      85     104)
          90    0.020055    0.055213  (       1      22      47      61      96     117)
          91    0.020055    0.055213  (       1      22      47      61      97     117)
          92    0.020060    0.050686  (       1      22      47      61      73      95)
          93    0.020066    0.049650  (       1      22      47      61      76      99)
          94    0.020066    0.049650  (       1      22      47      61      77      99)
          95    0.020067    0.054395  (       1      22      47      61      99     120)
          96    0.020081    0.056871  (       1      22      47      61      86     117)
          97    0.020085    0.050578  (       1      22      47      61      64      82)
          98    0.020090    0.049066  (       1      22      47      61      82     102)
          99    0.020096    0.050970  (       1      22      47      61      79      94)
         100    0.020101    0.051505  (       1      22      47      61      63      94)
