        Rank        RMSE       MaxAE  Feature_ID
           1    0.065877    0.187776  (       1)
           2    0.066667    0.203627  (       2)
           3    0.066772    0.205605  (       3)
           4    0.068584    0.184428  (       4)
           5    0.068934    0.178281  (       5)
           6    0.069853    0.212181  (       6)
           7    0.069913    0.164067  (       7)
           8    0.069914    0.176006  (       8)
           9    0.069955    0.201362  (       9)
          10    0.070016    0.196219  (      10)
          11    0.071304    0.220192  (      11)
          12    0.071316    0.217978  (      12)
          13    0.071673    0.189366  (      13)
          14    0.071741    0.219273  (      14)
          15    0.071816    0.169689  (      15)
          16    0.071816    0.195646  (      16)
          17    0.071834    0.223308  (      17)
          18    0.071866    0.218452  (      18)
          19    0.071928    0.185129  (      19)
          20    0.072002    0.172686  (      20)
