Model_ID, [(c_i,i=0,n)_j,j=1,ntask]
           1    0.1491558366E+01   -0.3297018893E+00    0.1752629704E+00    0.5786606463E-01   -0.1261624918E+00   -0.7020834723E-03    0.1735423341E+01    0.3905682439E-02
           2    0.1491400375E+01   -0.3297211942E+00    0.1740281871E+00    0.5800372820E-01   -0.1243780068E+00   -0.6966193583E-03    0.2528512623E+01    0.3902694212E-02
           3    0.1489937922E+01   -0.3307484700E+00    0.1832518565E+00    0.5694923192E-01   -0.1184117377E+00   -0.6659254197E-03    0.3227282394E+01    0.6743196944E-02
           4    0.1489057968E+01   -0.3304142907E+00    0.1820763665E+00    0.5716209095E-01   -0.1177025755E+00   -0.6637621146E-03    0.3334083303E+01   -0.6813793544E-02
           5    0.1500562936E+01   -0.3319788173E+00    0.1760366451E+00    0.5688124110E-01   -0.1308155747E+00   -0.6926768564E-03    0.1819559293E+01    0.8649417711E-02
           6    0.1496637463E+01   -0.3311571368E+00    0.1764155410E+00    0.5656659772E-01   -0.1284340640E+00   -0.6714151057E-03    0.1790919223E+01    0.1233821379E-01
           7    0.1489733947E+01   -0.3301410216E+00    0.1769718275E+00    0.5676940576E-01   -0.1159219372E+00   -0.6669968921E-03    0.4791876972E+01   -0.6673036048E-02
           8    0.1497890572E+01   -0.3312172472E+00    0.1769675306E+00    0.5707178225E-01   -0.1309229720E+00   -0.6379132681E-03    0.1790984795E+01    0.8651143250E-02
           9    0.1505723337E+01   -0.3330001767E+00    0.1718993425E+00    0.6104313784E-01   -0.1321362644E+00   -0.7679903979E-03    0.1730213881E+01   -0.2604036812E+01
          10    0.1502133882E+01   -0.3326783180E+00    0.1724401623E+00    0.5669927161E-01   -0.1259945168E+00   -0.6680549460E-03    0.1612374324E+01   -0.4595770905E-03
          11    0.1490542010E+01   -0.3304778453E+00    0.1783111366E+00    0.5658266635E-01   -0.1166402077E+00   -0.6688540641E-03    0.4620242020E+01    0.6576218134E-02
          12    0.1490679030E+01   -0.3307271536E+00    0.1801200078E+00    0.5696850177E-01   -0.1178010119E+00   -0.6606008049E-03    0.2165016946E+01    0.6501338177E-02
          13    0.1489968625E+01   -0.3303869678E+00    0.1799893964E+00    0.5706807463E-01   -0.1186509735E+00   -0.6622606389E-03    0.1527097650E+01   -0.6517426371E-02
          14    0.1489877234E+01   -0.3304040550E+00    0.1788702443E+00    0.5717047264E-01   -0.1171249624E+00   -0.6584244872E-03    0.2241071213E+01   -0.6580883110E-02
          15    0.1501601366E+01   -0.3323493017E+00    0.1723621616E+00    0.5644659731E-01   -0.1285654506E+00   -0.6836416692E-03    0.1594904442E+01   -0.9869559282E-03
          16    0.1505713680E+01   -0.3330325456E+00    0.1705725869E+00    0.6120281236E-01   -0.1305123000E+00   -0.7632051806E-03    0.2536919734E+01   -0.2629179647E+01
          17    0.1490748519E+01   -0.3307075801E+00    0.1811937201E+00    0.5687538033E-01   -0.1192551486E+00   -0.6642351565E-03    0.1473299915E+01    0.6426949062E-02
          18    0.1499567656E+01   -0.3319455669E+00    0.1733382452E+00    0.5687293851E-01   -0.1261129483E+00   -0.6159334179E-03    0.1584918161E+01   -0.4611985109E-03
          19    0.1496515756E+01   -0.3311736462E+00    0.1751040221E+00    0.5669566857E-01   -0.1266745449E+00   -0.6656149930E-03    0.2621132294E+01    0.1241331863E-01
          20    0.1489165676E+01   -0.3290366876E+00    0.1760553104E+00    0.5813700716E-01   -0.1260486727E+00   -0.6354466257E-03    0.1699452996E+01    0.3745214959E-02
          21    0.1500411936E+01   -0.3319981188E+00    0.1747283052E+00    0.5702463620E-01   -0.1289709374E+00   -0.6869677464E-03    0.2654964900E+01    0.8654819836E-02
          22    0.1496130232E+01   -0.3304278847E+00    0.1713405164E+00    0.5957586801E-01   -0.1238014949E+00   -0.7862647197E-03    0.1750970275E+01    0.3898000216E-02
          23    0.1495245917E+01   -0.3309089233E+00    0.1742222116E+00    0.6226593076E-01   -0.1276926110E+00   -0.6406176530E-03    0.1573268756E+01    0.2839643275E-03
          24    0.1495110080E+01   -0.3306681249E+00    0.1709967301E+00    0.6207790037E-01   -0.1250697121E+00   -0.6449545209E-03    0.4930680982E+01    0.2902770240E-03
          25    0.1494055557E+01   -0.3304226387E+00    0.1773001829E+00    0.5676154824E-01   -0.1285110101E+00   -0.6174128420E-03    0.1762472569E+01    0.1230144322E-01
          26    0.1498965334E+01   -0.3315978799E+00    0.1732795505E+00    0.5663348544E-01   -0.1286728756E+00   -0.6296278441E-03    0.1566659835E+01   -0.9874939222E-03
          27    0.1497770337E+01   -0.3312416157E+00    0.1756727428E+00    0.5721159116E-01   -0.1291288611E+00   -0.6332508256E-03    0.2615982655E+01    0.8657407132E-02
          28    0.1492660402E+01   -0.3309480812E+00    0.1757890409E+00    0.5662624199E-01   -0.1158662992E+00   -0.7195917378E-03    0.4899098397E+01   -0.6536710013E-02
          29    0.1492744559E+01   -0.3315543271E+00    0.1821489861E+00    0.5681378536E-01   -0.1181762310E+00   -0.7140516224E-03    0.3269239529E+01    0.6610237754E-02
          30    0.1500169152E+01   -0.3331566635E+00    0.1760949634E+00    0.5641446681E-01   -0.1287641432E+00   -0.6502869841E-03    0.1536211666E+01    0.8679404516E-03
          31    0.1493964560E+01   -0.3304443613E+00    0.1760017340E+00    0.5688734508E-01   -0.1268003429E+00   -0.6126363347E-03    0.2582232817E+01    0.1237623653E-01
          32    0.1501477223E+01   -0.3323678520E+00    0.1712061680E+00    0.5656526417E-01   -0.1269507700E+00   -0.6785471757E-03    0.2326340354E+01   -0.9896965307E-03
          33    0.1493463958E+01   -0.3312806004E+00    0.1770906142E+00    0.5644594533E-01   -0.1165720402E+00   -0.7213135134E-03    0.4731365317E+01    0.6435088151E-02
          34    0.1500415686E+01   -0.3323578300E+00    0.1758729432E+00    0.5757050908E-01   -0.1284687060E+00   -0.6941594376E-03    0.1751790568E+01    0.4176197727E-02
          35    0.1501975823E+01   -0.3326946267E+00    0.1712973939E+00    0.5682543146E-01   -0.1243271289E+00   -0.6629461808E-03    0.2347816858E+01   -0.4595631684E-03
          36    0.1495149616E+01   -0.3309304005E+00    0.1730672920E+00    0.6240135661E-01   -0.1261317667E+00   -0.6364745552E-03    0.2299343371E+01    0.2850336268E-03
          37    0.1501497488E+01   -0.3327545833E+00    0.1716401264E+00    0.5803253444E-01   -0.1196834817E+00   -0.6507676848E-03    0.1556338087E+01   -0.5425345855E-03
          38    0.1493919375E+01   -0.3312996881E+00    0.1760594253E+00    0.6027114017E-01   -0.1220612756E+00   -0.7035759733E-03    0.1542733549E+01    0.3557157505E-03
          39    0.1498217398E+01   -0.3317890407E+00    0.1732520378E+00    0.5819577363E-01   -0.1221837971E+00   -0.6112026577E-03    0.1535479656E+01   -0.3119089149E-03
          40    0.1499002381E+01   -0.3320425311E+00    0.1725118211E+00    0.5820164557E-01   -0.1197739322E+00   -0.6005249320E-03    0.1529379393E+01   -0.5458580590E-03
          41    0.1500760386E+01   -0.3325150276E+00    0.1723600994E+00    0.5802447360E-01   -0.1220761942E+00   -0.6621545036E-03    0.1562871797E+01   -0.3098469504E-03
          42    0.1491871065E+01   -0.3312238584E+00    0.1810025865E+00    0.5702179115E-01   -0.1174809059E+00   -0.7118859167E-03    0.3373846429E+01   -0.6682365179E-02
          43    0.1499436636E+01   -0.3319661897E+00    0.1722093643E+00    0.5699641749E-01   -0.1244930671E+00   -0.6117851614E-03    0.2310280817E+01   -0.4611149199E-03
          44    0.1497836040E+01   -0.3314381877E+00    0.1699701982E+00    0.6183887483E-01   -0.1248459510E+00   -0.6966759576E-03    0.5032063648E+01    0.2850696045E-03
          45    0.1489037629E+01   -0.3290599840E+00    0.1748377145E+00    0.5827047106E-01   -0.1243243754E+00   -0.6310207472E-03    0.2479160541E+01    0.3743710769E-02
          46    0.1492855018E+01   -0.3311939037E+00    0.1788838764E+00    0.5693123925E-01   -0.1185986956E+00   -0.7132067436E-03    0.1556876458E+01   -0.6379732401E-02
          47    0.1500098815E+01   -0.3331854374E+00    0.1749632737E+00    0.5651704146E-01   -0.1272763355E+00   -0.6450422260E-03    0.2247534248E+01    0.8748178199E-03
          48    0.1497741517E+01   -0.3315950153E+00    0.1768177285E+00    0.5775514213E-01   -0.1285980771E+00   -0.6400177379E-03    0.1723689865E+01    0.4189529948E-02
          49    0.1498868846E+01   -0.3316208170E+00    0.1721374704E+00    0.5674951442E-01   -0.1271063725E+00   -0.6254772680E-03    0.2287735151E+01   -0.9900851553E-03
          50    0.1492733830E+01   -0.3312066877E+00    0.1777514358E+00    0.5703570295E-01   -0.1170181713E+00   -0.7084388942E-03    0.2281676634E+01   -0.6445666568E-02
          51    0.1493531511E+01   -0.3315260263E+00    0.1789664623E+00    0.5683971050E-01   -0.1176818409E+00   -0.7105516005E-03    0.2207383705E+01    0.6362574409E-02
          52    0.1495944520E+01   -0.3304417952E+00    0.1701192386E+00    0.5970238783E-01   -0.1220337353E+00   -0.7802359145E-03    0.2553055977E+01    0.3895355730E-02
          53    0.1493630598E+01   -0.3315104216E+00    0.1800533182E+00    0.5674491211E-01   -0.1191926442E+00   -0.7150916821E-03    0.1504367530E+01    0.6285041380E-02
          54    0.1497932535E+01   -0.3316789973E+00    0.1732689387E+00    0.6203200394E-01   -0.1274667479E+00   -0.6906937286E-03    0.1601194487E+01    0.2787191923E-03
          55    0.1497662012E+01   -0.3324422025E+00    0.1769631080E+00    0.5659466597E-01   -0.1288579234E+00   -0.5985452766E-03    0.1509297677E+01    0.8678261909E-03
          56    0.1498125198E+01   -0.3318125836E+00    0.1721287990E+00    0.5831292948E-01   -0.1206325788E+00   -0.6070625633E-03    0.2242458055E+01   -0.3128914890E-03
          57    0.1500295174E+01   -0.3323791895E+00    0.1746006596E+00    0.5770483673E-01   -0.1267195087E+00   -0.6886271430E-03    0.2559612521E+01    0.4191958389E-02
          58    0.1497619184E+01   -0.3324751901E+00    0.1758433442E+00    0.5669526405E-01   -0.1274149106E+00   -0.5942280792E-03    0.2210804174E+01    0.8744002683E-03
          59    0.1498900482E+01   -0.3320654807E+00    0.1714013067E+00    0.5831877051E-01   -0.1182159720E+00   -0.5964083377E-03    0.2231906887E+01   -0.5470544631E-03
          60    0.1499325442E+01   -0.3320455720E+00    0.1752464288E+00    0.5657710328E-01   -0.1296281548E+00   -0.6790573736E-03    0.1775090848E+01    0.1880199677E-03
          61    0.1500641508E+01   -0.3325343346E+00    0.1712226987E+00    0.5814429934E-01   -0.1204769725E+00   -0.6570694397E-03    0.2279908135E+01   -0.3109183379E-03
          62    0.1501369526E+01   -0.3327734094E+00    0.1705152927E+00    0.5815229720E-01   -0.1180774592E+00   -0.6457047702E-03    0.2268765528E+01   -0.5438932585E-03
          63    0.1503001750E+01   -0.3328496958E+00    0.1723914799E+00    0.5726270820E-01   -0.1267753448E+00   -0.6659682026E-03    0.1736519929E+01    0.8069262091E-03
          64    0.1497650822E+01   -0.3316212619E+00    0.1755585668E+00    0.5788627761E-01   -0.1268980069E+00   -0.6354957051E-03    0.2521271476E+01    0.4205217993E-02
          65    0.1499947959E+01   -0.3329335109E+00    0.1731140539E+00    0.5614500245E-01   -0.1260668109E+00   -0.6557412700E-03    0.4770348090E+01    0.8728662060E-03
          66    0.1502885328E+01   -0.3328817559E+00    0.1738845112E+00    0.5651315287E-01   -0.1267813348E+00   -0.6808531405E-03    0.1727972606E+01    0.4486024409E-02
          67    0.1497698205E+01   -0.3315866630E+00    0.1727992716E+00    0.6132342163E-01   -0.1257090467E+00   -0.6727250184E-03    0.1567644318E+01    0.2143206812E-03
          68    0.1495094533E+01   -0.3308430748E+00    0.1737073113E+00    0.6151928605E-01   -0.1258404502E+00   -0.6208939298E-03    0.1539835183E+01    0.2156937530E-03
          69    0.1493294964E+01   -0.3304961316E+00    0.1743879197E+00    0.6103054428E-01   -0.1256900827E+00   -0.6360756598E-03    0.1492796140E+01    0.2279651167E-03
          70    0.1495975193E+01   -0.3312605730E+00    0.1734524855E+00    0.6083232673E-01   -0.1255531048E+00   -0.6888691042E-03    0.1521614852E+01    0.2263074314E-03
          71    0.1497808489E+01   -0.3316960142E+00    0.1720996497E+00    0.6217127361E-01   -0.1258582001E+00   -0.6855902721E-03    0.2337524529E+01    0.2798660841E-03
          72    0.1493752005E+01   -0.3313153824E+00    0.1749822306E+00    0.6038795119E-01   -0.1204425400E+00   -0.6986474797E-03    0.2242060690E+01    0.3551116626E-03
          73    0.1496705943E+01   -0.3312992359E+00    0.1761563246E+00    0.5676504044E-01   -0.1297289367E+00   -0.6252084038E-03    0.1746983736E+01    0.1879914204E-03
          74    0.1493208459E+01   -0.3305143981E+00    0.1732747745E+00    0.6115985582E-01   -0.1242217984E+00   -0.6320950184E-03    0.2183952515E+01    0.2293569844E-03
          75    0.1495011640E+01   -0.3308640351E+00    0.1725608419E+00    0.6165367748E-01   -0.1243205747E+00   -0.6167163730E-03    0.2252364779E+01    0.2168720754E-03
          76    0.1491258114E+01   -0.3305359514E+00    0.1769631103E+00    0.6045925141E-01   -0.1221606273E+00   -0.6453885558E-03    0.1513965937E+01    0.3519672999E-03
          77    0.1497587267E+01   -0.3316030662E+00    0.1716387768E+00    0.6146145652E-01   -0.1241415075E+00   -0.6676060363E-03    0.2290364047E+01    0.2155629762E-03
          78    0.1495860525E+01   -0.3312743996E+00    0.1723248158E+00    0.6096514499E-01   -0.1240358989E+00   -0.6839776370E-03    0.2223361273E+01    0.2277726726E-03
          79    0.1499193251E+01   -0.3320656035E+00    0.1739587939E+00    0.5671133484E-01   -0.1278513523E+00   -0.6734153806E-03    0.2592763966E+01    0.1885808546E-03
          80    0.1497513120E+01   -0.3313494957E+00    0.1696689846E+00    0.6109291871E-01   -0.1230038606E+00   -0.6783336455E-03    0.4890422794E+01    0.2169150406E-03
          81    0.1502887838E+01   -0.3328723767E+00    0.1711202761E+00    0.5739486289E-01   -0.1250310454E+00   -0.6603819686E-03    0.2536582903E+01    0.8097693558E-03
          82    0.1490316915E+01   -0.3298089599E+00    0.1777940108E+00    0.5807895008E-01   -0.1244315140E+00   -0.6995144506E-03    0.3577251403E+01    0.3775408252E-02
          83    0.1479701883E+01   -0.3241321380E+00    0.1723512323E+00    0.6565014850E-01   -0.9821045395E-01   -0.8764455605E-02   -0.7149708795E-03    0.3391682741E+01
          84    0.1500422958E+01   -0.3321162972E+00    0.1732810048E+00    0.5745337379E-01   -0.1268580927E+00   -0.6124779406E-03    0.1708508774E+01    0.8047525932E-03
          85    0.1502778321E+01   -0.3329052635E+00    0.1726208775E+00    0.5664061690E-01   -0.1250506343E+00   -0.6753326111E-03    0.2524812265E+01    0.4504509100E-02
          86    0.1494731304E+01   -0.3310814907E+00    0.1794653386E+00    0.6086645858E-01   -0.1211986214E+00   -0.7059617879E-03   -0.9336603056E-03    0.1370696854E+01
          87    0.1507576762E+01   -0.3336308428E+00    0.1700918071E+00    0.5805879328E-01   -0.1246982658E+00   -0.7747617092E-03    0.1750650912E+01    0.4670919736E-02
          88    0.1497402702E+01   -0.3322201616E+00    0.1740545979E+00    0.5632877569E-01   -0.1261560675E+00   -0.6023840431E-03    0.4671057794E+01    0.8731566882E-03
          89    0.1494869616E+01   -0.3306063305E+00    0.1706503709E+00    0.6129432692E-01   -0.1231301260E+00   -0.6248582967E-03    0.4788349937E+01    0.2183280294E-03
          90    0.1494081485E+01   -0.3313219250E+00    0.1761453630E+00    0.6023672651E-01   -0.1224242783E+00   -0.7053569202E-03    0.1545728073E+01    0.3435844146E-03
          91    0.1492326701E+01   -0.3315143059E+00    0.1816241091E+00    0.5643760285E-01   -0.1160410764E+00   -0.7421894971E-03    0.3333144172E+01   -0.6979992563E-02
          92    0.1493253925E+01   -0.3318615329E+00    0.1827971721E+00    0.5622970864E-01   -0.1167702318E+00   -0.7435487056E-03    0.3223802929E+01    0.6883243769E-02
          93    0.1491178391E+01   -0.3295682330E+00    0.1724179637E+00    0.5764558763E-01   -0.1224792617E+00   -0.7078631638E-03    0.5156144185E+01    0.3651273267E-02
          94    0.1496603822E+01   -0.3313242706E+00    0.1748818793E+00    0.5689599602E-01   -0.1280011233E+00   -0.6205897465E-03    0.2554385349E+01    0.1885520042E-03
          95    0.1495727078E+01   -0.3310289941E+00    0.1704913388E+00    0.6058941070E-01   -0.1228561849E+00   -0.6944739754E-03    0.4722237979E+01    0.2275116451E-03
          96    0.1494643676E+01   -0.3311009709E+00    0.1784820702E+00    0.6098138584E-01   -0.1198081116E+00   -0.7026274065E-03   -0.9380899537E-03    0.2001233020E+01
          97    0.1500338509E+01   -0.3321438782E+00    0.1720231106E+00    0.5758239570E-01   -0.1251622109E+00   -0.6078988327E-03    0.2498296711E+01    0.8075488778E-03
          98    0.1505082022E+01   -0.3326925122E+00    0.1721772542E+00    0.5855561767E-01   -0.1285295199E+00   -0.7773347732E-03    0.1836357958E+01    0.8686856188E-02
          99    0.1510834909E+01   -0.3338063014E+00    0.1676070991E+00    0.6293682564E-01   -0.1297042648E+00   -0.8678030604E-03    0.1750235203E+01   -0.2634138311E+01
         100    0.1491119417E+01   -0.3305559474E+00    0.1758993159E+00    0.6057306594E-01   -0.1205926945E+00   -0.6414036681E-03    0.2202891413E+01    0.3513597319E-03
