Model_ID, [(c_i,i=0,n)_j,j=1,ntask]
           1    0.1625587799E+01   -0.3583118258E+00
           2   -0.1237339170E+00    0.1317145849E+01
           3   -0.1464710032E+00    0.7308558174E+00
           4    0.9140146606E+00    0.4360578043E+00
           5    0.8217190552E+00   -0.5304437378E+00
           6    0.9396800542E+00    0.2393067571E+00
           7   -0.4147172288E+00    0.6241110156E+00
           8    0.8239939999E+00   -0.5325169336E+00
           9    0.1454727649E+01   -0.3240820113E+00
          10   -0.1050508189E-01    0.1479585346E+01
          11    0.1011890326E+01    0.2164175498E+00
          12    0.1009865850E+01   -0.3248821393E+00
          13    0.1070518514E+01   -0.2585880302E+00
          14   -0.2737991264E+00    0.5311428494E+01
          15    0.8303106093E+00   -0.1040960159E+01
          16    0.1023134204E+01   -0.2870905343E+00
          17    0.1015843280E+01   -0.2166876737E+00
          18    0.9704200498E+00    0.2401300942E+00
          19   -0.9869529428E-01    0.1826831130E+01
          20    0.8542579511E+00   -0.3125982413E+01
