        Rank        RMSE       MaxAE  Feature_ID
           1    0.036294    0.106000  (       1      22      47)
           2    0.036476    0.090349  (       1      22      42)
           3    0.036483    0.099370  (       1      22      60)
           4    0.036491    0.098553  (       1      22      54)
           5    0.036587    0.096501  (       1      22      41)
           6    0.036594    0.087976  (       1      22      46)
           7    0.036690    0.086985  (       1      22      43)
           8    0.036734    0.107035  (       1      22      44)
           9    0.036808    0.086374  (       1      22      57)
          10    0.036902    0.078142  (       1      22      48)
          11    0.036948    0.093254  (       1      22      52)
          12    0.036957    0.096612  (       1      24      60)
          13    0.037030    0.098309  (       1      25      60)
          14    0.037076    0.105138  (       1      22      53)
          15    0.037082    0.103812  (       1      22      59)
          16    0.037158    0.074752  (       1      22      45)
          17    0.037171    0.105703  (       1      22      56)
          18    0.037214    0.118665  (       1      22      32)
          19    0.037245    0.095774  (       1      24      54)
          20    0.037270    0.097433  (       1      25      54)
          21    0.037297    0.104312  (       1      22      49)
          22    0.037306    0.099543  (       1      22      50)
          23    0.037314    0.103635  (       1      22      58)
          24    0.037336    0.088741  (       1      25      42)
          25    0.037360    0.084753  (       1      22      55)
          26    0.037520    0.089112  (       1      24      42)
          27    0.037566    0.098233  (       1      22      51)
          28    0.037826    0.095095  (       1      21      51)
          29    0.038035    0.089714  (       1      25      46)
          30    0.038165    0.090469  (       1      24      46)
          31    0.038272    0.091256  (       1      21      47)
          32    0.038621    0.099913  (       1      22      31)
          33    0.038642    0.099929  (       1      22      30)
          34    0.038809    0.096333  (       1      22      35)
          35    0.038825    0.087567  (       1      25      43)
          36    0.039001    0.109899  (       1      14      25)
          37    0.039040    0.095919  (       1      22      40)
          38    0.039080    0.098359  (       1      22      23)
          39    0.039289    0.090785  (       1      21      53)
          40    0.039326    0.094115  (       1      27      47)
          41    0.039334    0.093463  (       1      22      36)
          42    0.039387    0.109207  (       1      14      24)
          43    0.039421    0.105424  (       1      25      47)
          44    0.039457    0.104036  (       1      24      47)
          45    0.039505    0.096503  (       1      22      34)
          46    0.039577    0.089412  (       1      21      44)
          47    0.039606    0.096417  (      14      18      25)
          48    0.039617    0.095958  (      14      18      24)
          49    0.039661    0.102475  (       1      27      32)
          50    0.039665    0.089697  (       1      21      56)
          51    0.039675    0.097411  (       1      25      52)
          52    0.039748    0.103189  (       1      25      59)
          53    0.039769    0.098159  (       1      24      52)
          54    0.039773    0.090400  (       1      23      27)
          55    0.039840    0.113079  (       1      30      38)
          56    0.039848    0.130449  (       1      32      38)
          57    0.039851    0.113007  (       1      31      38)
          58    0.039865    0.084639  (       1      22      37)
          59    0.039875    0.101644  (       1      24      59)
          60    0.039910    0.117703  (       1      35      38)
          61    0.039951    0.117882  (       1      27      40)
          62    0.040015    0.100633  (       1      34      38)
          63    0.040115    0.102372  (       1      22      33)
          64    0.040142    0.092127  (       1      27      60)
          65    0.040184    0.088258  (       1      21      49)
          66    0.040188    0.088518  (       1      27      31)
          67    0.040196    0.088414  (       1      27      30)
          68    0.040227    0.091880  (       1      27      54)
          69    0.040255    0.107103  (       1      25      32)
          70    0.040258    0.089053  (       1      24      43)
          71    0.040264    0.097527  (       1      25      41)
          72    0.040271    0.090580  (       1      22      29)
          73    0.040287    0.090308  (       1      27      37)
          74    0.040294    0.105354  (       1      38      47)
          75    0.040318    0.090794  (       1      27      36)
          76    0.040321    0.106750  (       1      14      22)
          77    0.040333    0.099628  (       1      21      60)
          78    0.040374    0.104587  (       1      24      44)
          79    0.040388    0.102968  (       1      25      58)
          80    0.040404    0.119870  (       1      26      35)
          81    0.040422    0.106326  (       1      25      44)
          82    0.040457    0.107452  (       1      24      32)
          83    0.040510    0.099924  (       1      21      54)
          84    0.040513    0.101376  (       1      24      58)
          85    0.040527    0.093507  (       1      23      25)
          86    0.040529    0.105440  (       1      25      40)
          87    0.040567    0.104988  (       1      24      40)
          88    0.040616    0.102678  (       1      24      53)
          89    0.040627    0.097729  (       1      25      57)
          90    0.040642    0.099817  (       1      27      49)
          91    0.040652    0.100865  (       1      27      57)
          92    0.040668    0.094838  (       1      23      24)
          93    0.040672    0.095371  (       1      27      29)
          94    0.040693    0.104425  (       1      25      53)
          95    0.040766    0.093473  (       1      25      36)
          96    0.040820    0.103231  (       1      24      56)
          97    0.040828    0.096362  (       1      39      47)
          98    0.040839    0.100708  (       1      23      38)
          99    0.040866    0.093318  (       1      21      59)
         100    0.040866    0.094804  (       1      24      36)
